6.51521e-05 -0.000220035 -2.50365e-05 -2.33182e-14 -5.45788e-14 3.73978e-10 0
0.299089 -0.0260825 0.024711 0.0216691 0.0160468 -0.279724 1
1.08098 -0.260329 0.103442 0.00542438 0.00168111 -0.0732434 2
1.29655 -0.252628 0.123297 -0.0136629 0.00177275 0.164156 3
1.4701 -0.215778 0.136883 -0.0369054 -0.00335197 0.413331 4
1.62404 -0.0882478 0.149557 -0.0590211 0.00995093 0.686838 5
1.73213 0.0741649 0.163342 -0.0841436 0.0369269 0.969825 6
1.80983 0.269504 0.173892 -0.100283 0.0598242 1.19972 7
1.89093 0.656703 0.187247 -0.107524 0.0867841 1.4491 8
1.85779 1.23962 0.191417 -0.109937 0.104823 1.67631 9
1.6641 2.24726 0.18984 -0.109101 0.108924 1.77709 10
1.35903 3.30251 0.167551 -0.108732 0.124385 1.81792 11
0.995005 4.44299 0.146853 -0.112054 0.120032 1.80079 12
0.891438 5.30573 0.140438 -0.111 0.0954632 1.54746 13
0.87723 5.63074 0.141741 -0.109566 0.0741441 1.34424 14
0.94788 5.93363 0.153345 -0.102579 0.0483105 1.12651 15
1.09738 6.17263 0.161767 -0.0876825 0.0278375 0.859162 16
1.30549 6.38076 0.19017 -0.0601953 0.013576 0.543408 17
1.5904 6.5331 0.222518 -0.0354246 0.00226564 0.275013 18
2.09369 6.61465 0.271388 -0.013674 0.0118032 0.0266283 19
3.12321 6.59591 0.377591 -0.0104705 0.011165 0.00539802 20
4.21003 6.67872 0.462781 -0.0148827 0.00569214 0.0804906 21
5.31411 6.7182 0.566008 -0.0101933 0.00767217 0.0362575 22
6.27381 6.70772 0.646495 0.0120574 0.00336343 -0.168866 23
7.23679 6.46723 0.740566 0.0286661 0.0266092 -0.381236 24
8.09234 6.02971 0.812453 0.0388145 0.0397146 -0.632567 25
8.51496 5.64376 0.844956 0.055309 0.0518957 -0.857111 26
8.9835 4.98885 0.871121 0.0619535 0.0768106 -1.11969 27
9.35229 4.03731 0.900046 0.0681955 0.0814957 -1.3118 28
9.65109 2.93145 0.934746 0.0731774 0.0991624 -1.34616 29
9.91386 1.8463 0.938207 0.0732101 0.100917 -1.34768 30
10.1565 0.820627 1.00498 0.0775601 0.105151 -1.30948 31
10.4209 -0.215336 1.00003 0.0743022 0.104637 -1.4307 32
10.492 -1.29419 0.981966 0.0718412 0.119558 -1.64914 33
10.3524 -1.95349 0.960405 0.0597558 0.133095 -1.87138 34
10.0782 -2.54317 0.912838 0.0440477 0.15523 -2.09679 35
9.58676 -3.27321 0.882806 0.0293816 0.181064 -2.33792 36
8.89793 -3.91401 0.81953 0.0150044 0.178399 -2.57271 37
7.95624 -4.42177 0.734577 -0.00709013 0.185156 -2.78021 38
6.85455 -4.7743 0.618784 -0.0305286 0.183729 -2.87061 39
5.87163 -5.04841 0.538526 -0.0365831 0.183045 -2.90383 40
4.87802 -5.31527 0.463194 -0.0411904 0.181198 -2.96154 41
3.88505 -5.49503 0.387882 -0.0459551 0.180257 -2.98316 42
2.89061 -5.73657 0.303131 -0.0305407 0.185255 -2.93051 43
1.82886 -5.996 0.223556 -0.0303104 0.182158 -2.90152 44
0.859015 -6.30135 0.141159 -0.0306518 0.18175 -2.88465 45
-0.296786 -6.62894 0.046791 -0.0273076 0.183456 -2.87953 46
-1.38733 -6.98432 -0.0645432 -0.0227509 0.182889 -2.8553 47
-2.3442 -7.30617 -0.138003 -0.0175006 0.185321 -2.83519 48
-3.44945 -7.70416 -0.245215 -0.0155056 0.185058 -2.81797 49
-4.54713 -8.12407 -0.328957 -0.0159414 0.186113 -2.8079 50
-5.52441 -8.49554 -0.419976 -0.0173982 0.185027 -2.80421 51
-6.49193 -8.88111 -0.488416 -0.0213952 0.184761 -2.81338 52
-7.45999 -9.23131 -0.570033 -0.0235215 0.185398 -2.83091 53
-8.59683 -9.62296 -0.66533 -0.0264648 0.187485 -2.85224 54
-9.57596 -9.94177 -0.741288 -0.0267227 0.186069 -2.85945 55
-10.5525 -10.2546 -0.842668 -0.0260998 0.185166 -2.88674 56
-11.5728 -10.5267 -0.932757 -0.0301319 0.182964 -2.91087 57
-12.7243 -10.852 -1.03415 -0.0283422 0.18494 -2.89944 58
-13.8329 -11.176 -1.1216 -0.0285281 0.186653 -2.89413 59
-14.796 -11.4447 -1.21387 -0.0268737 0.187274 -2.89681 60
-15.8207 -11.7407 -1.31627 -0.0273621 0.18819 -2.87769 61
-16.8641 -12.0783 -1.40365 -0.025288 0.184632 -2.85526 62
-17.8341 -12.4014 -1.46785 -0.0242755 0.181003 -2.85583 63
-18.7954 -12.7028 -1.55954 -0.023457 0.185811 -2.87535 64
-19.7815 -13.0044 -1.6652 -0.0261474 0.189316 -2.90453 65
-20.8732 -13.2723 -1.74077 -0.0278371 0.188593 -2.92357 66
-21.9773 -13.5943 -1.84673 -0.0221839 0.183942 -2.87466 67
-23.0035 -13.9184 -1.94251 -0.0190901 0.192788 -2.85792 68
-24.0088 -14.2479 -2.03101 -0.02227 0.186095 -2.85812 69
-25.0256 -14.5842 -2.12868 -0.0201547 0.193274 -2.8442 70
-26.0419 -14.9359 -2.21657 -0.0202288 0.189575 -2.85415 71
-27.1246 -15.27 -2.3117 -0.0271046 0.189013 -2.88741 72
-28.1924 -15.5694 -2.41183 -0.0323479 0.18716 -2.91302 73
-29.2385 -15.8545 -2.51031 -0.0274764 0.184426 -2.91112 74
-30.3844 -16.1693 -2.62463 -0.0268338 0.190194 -2.89041 75
-31.3841 -16.4614 -2.69402 -0.0323527 0.186136 -2.91909 76
-32.485 -16.6877 -2.78692 -0.0364875 0.190796 -3.00669 77
-33.4796 -16.7587 -2.90325 -0.055982 0.18006 3.10771 78
-34.5059 -16.716 -2.97173 -0.0767017 0.172434 2.86974 79
-35.2678 -16.4512 -3.00203 -0.0902519 0.156055 2.64951 80
-36.0269 -15.9347 -3.05831 -0.100474 0.137133 2.38618 81
-36.5629 -15.3161 -3.07631 -0.111643 0.117428 2.17646 82
-36.9587 -14.5981 -3.07583 -0.113769 0.100719 1.96416 83
-37.3894 -13.5115 -3.10031 -0.120632 0.143774 1.8478 84
-37.6878 -12.552 -3.09652 -0.113657 0.080624 1.80373 85
-37.9394 -11.5186 -3.09665 -0.109978 0.0761938 1.78038 86
-38.1956 -10.4888 -3.08017 -0.113431 0.0792651 1.7345 87
-38.3183 -9.47109 -3.04807 -0.107631 0.0608692 1.59813 88
-38.3012 -8.43233 -2.98877 -0.0936583 0.0416015 1.39926 89
-38.142 -7.65204 -2.95771 -0.0840211 0.0349267 1.17637 90
-37.7367 -6.94134 -2.8823 -0.0598701 0.0195071 0.950564 91
-37.0892 -6.12517 -2.82392 -0.0348898 0.0317669 0.739554 92
-36.1734 -5.50531 -2.73509 -0.0130649 0.0180946 0.537778 93
-35.2628 -5.0022 -2.65456 -0.00273416 0.0192601 0.332623 94
-34.6736 -4.85814 -2.60697 0.0205681 0.0280826 0.116847 95
-33.5744 -4.70581 -2.52816 0.0152476 0.0205858 0.214038 96
-32.5523 -4.55888 -2.46229 0.025149 0.0327963 0.133186 97
-31.4815 -4.30337 -2.40142 0.0154719 0.0226009 0.297008 98
-30.4377 -3.92389 -2.28981 0.0158954 0.0217392 0.269204 99
-29.3412 -3.59945 -2.19423 0.0165327 0.0235222 0.226072 100
-28.1959 -3.33395 -2.09489 0.0204991 0.031203 0.21682 101
-27.2083 -3.06574 -2.02415 0.0176062 0.0340987 0.255585 102
-26.2417 -2.74731 -1.958 0.014776 0.0257328 0.294229 103
-25.165 -2.37162 -1.87072 0.0115936 0.0223584 0.31807 104
-24.0876 -1.98947 -1.79 0.00938701 0.0234875 0.321504 105
-23.0117 -1.57944 -1.69288 0.00870404 0.0268834 0.333594 106
-21.9075 -1.17496 -1.60824 0.0144462 0.0286847 0.319499 107
-20.7978 -0.813293 -1.50137 0.0151971 0.0278032 0.254156 108
-19.6477 -0.475719 -1.41991 0.0189836 0.0333007 0.250985 109
-18.6441 -0.201101 -1.33807 0.01422 0.0360823 0.247505 110
-17.6566 0.0940452 -1.26797 0.0144471 0.0375814 0.230748 111
-16.6281 0.3513 -1.19911 0.0163676 0.0325721 0.230637 112
-15.6625 0.619731 -1.10922 0.00814229 0.0350492 0.231736 113
-14.674 0.88661 -1.03693 0.00716185 0.0298279 0.218366 114
-13.6458 1.11348 -0.974084 0.0118261 0.0369832 0.219251 115
-12.6485 1.38531 -0.899879 0.00589906 0.0352731 0.231586 116
-11.633 1.69681 -0.818115 0.00104609 0.0323572 0.262533 117
-10.6663 2.00396 -0.733589 -0.00251914 0.0322984 0.272932 118
-9.70296 2.30374 -0.636994 -0.010536 0.0306843 0.25465 119
-8.6731 2.61552 -0.568261 -0.00675886 0.0302141 0.241649 120
-7.6501 2.88906 -0.500216 -0.00839623 0.0370888 0.240464 121
-6.64377 3.2064 -0.412215 -0.00997401 0.0379472 0.323341 122
-5.71225 3.63726 -0.327917 -0.0200085 0.0253312 0.474736 123
-4.84617 4.17993 -0.25504 -0.0308076 0.0416346 0.582035 124
-4.03673 4.77484 -0.202041 -0.033783 0.0331029 0.557575 125
-3.16534 5.30498 -0.123111 -0.0324875 0.0397443 0.454436 126
-2.12806 5.85314 -0.0373603 -0.0369532 0.0316413 0.443687 127
-1.28693 6.15729 0.0132331 -0.0218678 0.0283478 0.208491 128
-0.80313 6.2651 0.0476491 -0.0110638 0.0296737 -0.0381329 129
-0.474384 6.25545 0.072788 0.00232848 0.0250956 -0.238299 130
0.0273453 6.0919 0.112126 0.0202425 0.0426121 -0.539709 131
0.320182 5.88901 0.127352 0.0360005 0.0589721 -0.756294 132
0.527843 5.63428 0.141138 0.0451173 0.0632359 -0.97709 133
0.740512 5.13275 0.163811 0.0583941 0.0832709 -1.21318 134
0.973843 4.19842 0.15966 0.0589629 0.0994594 -1.46326 135
1.00224 3.4625 0.15124 0.0606145 0.127999 -1.6879 136
0.822569 2.31555 0.134378 0.061052 0.131542 -1.76546 137
0.62227 1.21446 0.0914017 0.0630939 0.126509 -1.79821 138
0.411455 0.205377 0.0508758 0.0726393 0.101063 -1.61371 139
0.435687 0.04437 0.040575 0.0746381 0.0742838 -1.34787 140
0.482849 -0.0535438 0.0362192 0.0724483 0.0469492 -1.03707 141
0.496678 -0.0668255 0.0438457 0.0584129 0.0171753 -0.710095 142
0.459537 -0.0472509 0.0272626 0.0420694 0.00943749 -0.431344 143
0.327565 0.00301501 0.0220156 0.0155332 -0.00407224 -0.173212 144
