9.74162e-07 9.66394e-06 1.28342e-06 1.80264e-15 9.49536e-17 2.20388e-12
1.01753 -0.00836467 0.097458 0.0143569 0.00550165 -0.130503
2.03947 -0.22269 0.195218 0.0333843 0.0160518 -0.268194
2.78951 -0.479069 0.255184 0.0494379 0.0275781 -0.482148
3.00833 -0.611393 0.270244 0.0577544 0.0371528 -0.693049
3.18899 -0.753557 0.281081 0.0617868 0.0471917 -0.918001
3.2972 -0.909969 0.277547 0.0702341 0.0710994 -1.13543
3.37808 -1.08649 0.30618 0.0701076 0.0861308 -1.35738
3.40198 -1.25493 0.301848 0.069385 0.109068 -1.57774
3.37065 -1.43631 0.297178 0.0631475 0.131919 -1.82894
3.29633 -1.60853 0.282317 0.0515769 0.155082 -2.09672
3.15773 -1.75946 0.279701 0.0400095 0.181665 -2.35711
2.98456 -1.877 0.266062 0.0181081 0.190568 -2.57237
2.05623 -2.31079 0.153848 0.00744932 0.18441 -2.76524
1.47543 -2.51512 0.105709 -0.0152532 0.1854 -2.97946
1.09541 -2.55592 0.0734673 -0.0357928 0.180452 3.06019
0.816342 -2.51554 0.0342337 -0.0600572 0.179754 2.83477
0.618693 -2.43054 0.0117519 -0.0783417 0.167624 2.59806
0.444183 -2.29876 -0.00563608 -0.0968232 0.157243 2.33485
0.337976 -2.13879 -0.0244918 -0.108607 0.136999 2.10489
0.242383 -1.91599 -0.049505 -0.119687 0.114633 1.88742
0.190411 -1.62427 -0.0832722 -0.122167 0.0889983 1.62842
0.208993 -1.35468 -0.102276 -0.119721 0.0632654 1.40388
0.480658 -0.353368 0.0244836 -0.100731 0.0508896 1.22863
0.76579 0.616659 0.0730488 -0.101017 0.0568532 1.30818
0.869048 1.02826 0.0870602 -0.102677 0.0720118 1.52327
0.82309 1.27665 0.0913635 -0.107492 0.0982901 1.78757
0.741691 1.47475 0.084382 -0.105556 0.11475 2.03775
0.61642 1.61953 0.07256 -0.102499 0.138471 2.27899
0.332416 1.88525 0.0570403 -0.111035 0.118402 2.02983
0.29568 1.9331 0.0475376 -0.117326 0.0993078 1.78718
0.264694 2.01736 0.0505856 -0.115966 0.0754766 1.55079
0.248893 2.08784 0.057972 -0.108787 0.0576313 1.31052
0.276938 2.16068 0.042383 -0.103232 0.0389738 1.06427
0.321179 2.23079 0.0625037 -0.0776067 0.019308 0.815012
0.408982 2.27766 0.0765728 -0.0562406 0.0164149 0.58121
1.21561 2.62149 0.159144 -0.0328244 0.0153238 0.367689
2.02588 2.87058 0.239342 -0.0127052 -0.0115463 0.161189
2.09203 2.88184 0.243552 0.0129328 -0.00888143 -0.113436
2.17762 2.87144 0.252818 0.0369908 0.00875896 -0.386666
2.34633 2.84464 0.268126 0.0566973 0.0309776 -0.649373
2.42193 2.77211 0.28216 0.070619 0.0517582 -0.882933
2.44474 2.69653 0.288574 0.0745615 0.0769671 -1.10601
2.48062 2.59678 0.28155 0.0768993 0.0983791 -1.32119
2.46654 2.40918 0.278547 0.0736557 0.123881 -1.57789
2.42307 2.17379 0.260084 0.0708162 0.14445 -1.81357
2.27474 1.79461 0.242659 0.0590988 0.161787 -2.04291
2.01648 1.418 0.217438 0.0400301 0.179459 -2.27386
1.44717 0.836275 0.149695 0.0257928 0.188465 -2.48424
0.609265 0.207846 0.0569651 0.0503063 0.168499 -2.24217
0.525288 0.0715859 0.0319216 0.0671097 0.148105 -2.03716
0.480874 -0.0763848 0.0288947 0.0781568 0.119634 -1.7809
0.473977 -0.193283 0.0177244 0.086327 0.0969937 -1.4952
0.508386 -0.263137 0.0244694 0.0833232 0.0664658 -1.2141
0.524027 -0.278607 0.0253701 0.0787039 0.0373651 -0.963534
0.5288 -0.263664 0.0230418 0.066289 0.0139127 -0.732538
0.484776 -0.22489 0.0146444 0.0532078 0.000513344 -0.505928
0.38155 -0.170479 -0.00113229 0.0265979 -0.0139118 -0.266238
