870 9
882 7
871 7
872 6
881 9
929 6
927 8
929 7
869 10
892 9
930 5
948 10
952 6
949 9
799 5
873 5
882 5
951 8
847 5
993 7
984 7
971 7
952 7
971 5
1007 5
893 7
665 10
1160 6
892 8
1150 6
1301 5
1138 6
1231 6
1096 6
1229 5
1214 7
1405 10
1392 8
1224 7
1202 5
1866 5
1399 7
1876 6
920 10
1336 5
1411 10
1397 9
1123 5
1083 6
1356 9
1082 5
756 10
924 9
1354 10
1355 8
1159 5
1820 6
1212 5
895 5
1194 7
789 8
791 6
790 7
788 9
647 9
850 8
851 7
870 9
873 6
868 10
812 5
855 5
873 7
872 8
787 10
856 8
849 9
665 9
844 5
595 9
825 7
826 8
825 6
923 7
823 9
937 7
607 10
889 6
764 10
1160 6
1344 10
1462 5
1145 7
1159 5
922 5
1152 7
1335 7
1007 5
1845 6
1291 8
1291 10
1291 9
1122 6
1121 7
1783 5
827 5
1233 6
1353 7
1845 7
1783 6
1341 8
1832 5
924 6
1045 5
1860 7
1359 8
1347 5
1775 7
1129 6
1775 8
694 7
758 5
757 6
691 6
690 5
689 8
772 7
771 8
774 5
710 5
773 6
627 8
617 9
770 9
757 10
689 9
666 9
789 10
833 6
723 5
528 8
758 7
768 10
844 6
790 5
691 10
565 9
1056 5
759 8
1288 10
1273 8
829 5
702 7
1294 5
731 7
1276 7
1280 6
1307 8
1028 6
1296 10
1030 5
1225 10
1225 8
1898 7
1225 9
1277 9
733 5
1297 6
825 10
1158 5
1896 6
1047 5
1205 6
1298 8
1802 8
1793 7
1881 5
1801 7
1791 8
1909 7
869 7
880 9
784 5
738 9
801 9
928 6
902 6
680 8
745 5
879 10
663 8
758 9
848 6
886 8
822 6
828 8
861 8
800 10
663 9
887 6
887 7
781 10
736 10
927 5
1019 5
842 5
1436 10
2121 6
1029 5
1424 5
1424 9
1417 7
1134 5
1081 5
1134 6
848 5
1447 10
1420 8
1355 10
1450 5
1354 8
1354 7
1456 7
958 7
1140 7
1355 9
1449 9
2009 6
2012 5
2126 5
1431 7
1447 7
2115 5
2020 6
1455 6
1143 5
2020 5
1457 8
1329 6
1045 5
865 9
916 7
998 5
967 5
771 9
937 6
810 5
863 10
827 5
730 9
908 6
846 10
949 9
866 5
949 10
903 5
1080 5
954 5
1030 7
1490 6
1509 10
1022 5
1509 9
1115 5
1488 5
1201 5
1200 6
1493 8
916 6
1094 5
752 10
1204 7
1520 10
1517 9
1499 6
1423 6
1425 10
1424 9
1423 8
1524 5
2084 6
1423 7
1501 7
2087 5
1531 6
1526 8
1485 7
2094 6
1491 7
1416 6
1516 5
1134 5
1396 5
2094 5
1398 6
1209 5
906 9
864 7
978 5
1143 5
1006 10
927 9
930 10
864 10
1056 7
877 10
871 6
986 7
999 6
911 6
1011 5
1064 8
1013 8
791 10
1014 7
1089 8
928 5
1153 5
964 5
897 6
1145 6
958 7
1279 6
972 6
1051 6
1143 5
1577 9
950 5
1578 10
1554 5
1557 6
1155 6
1563 8
1264 6
1264 7
976 8
1586 10
978 6
1587 9
1566 6
1556 7
1490 9
1489 7
1587 8
1488 8
1592 5
1584 5
2151 6
2151 5
1465 6
2158 6
1176 6
463 5
1596 7
2159 5
928 8
1487 6
1273 5
1301 5
1302 6
988 10
1090 6
941 7
889 10
1132 8
972 5
1144 6
853 10
1151 8
1044 8
992 5
1073 5
945 5
975 7
983 9
1073 9
1076 6
1085 8
1212 5
998 10
988 7
1208 6
1028 5
1034 7
1055 5
1044 5
1345 6
1625 5
1647 9
2221 6
1219 6
1628 6
1009 7
1649 8
1028 6
1561 10
1655 8
1638 6
1328 7
1042 7
1328 6
1660 9
1631 7
1574 7
1574 6
1637 5
1574 8
1574 9
1343 5
1015 5
1102 8
1338 6
1229 5
2226 5
518 5
1070 8
528 5
1658 5
1665 5
1532 6
1049 10
1181 8
990 7
1029 7
1050 5
1131 6
1106 8
1086 9
1271 5
1187 9
1133 5
1003 5
1087 6
1088 5
1006 7
1213 9
1265 6
1653 9
1405 6
1104 5
1094 7
999 7
1718 9
1134 8
1110 9
1717 8
1278 6
1703 7
1705 5
1390 6
1036 5
1390 7
1043 6
1728 9
1691 5
1070 8
1164 8
1723 7
1651 8
1728 8
582 6
1694 6
1649 6
1648 5
1650 7
1081 10
479 5
586 5
577 5
488 5
1736 5
1289 5
1048 9
1735 6
1399 5
1173 6
1429 5
1429 6
1431 7
1618 5
1189 10
1252 8
1242 9
1072 8
1101 6
1166 8
1203 5
1119 9
1074 6
1149 8
1155 8
1286 9
1260 7
1138 9
1117 7
1217 8
1162 7
1346 5
1160 5
1342 6
1160 6
1485 5
1176 6
1105 8
1800 7
1294 7
1353 6
1177 5
1790 5
1135 7
1117 5
1466 5
1790 6
1175 8
1467 6
1359 5
1734 8
1733 7
1730 5
1810 7
1732 6
554 6
1475 7
1206 7
555 5
1141 6
1151 5
649 6
1207 6
1809 8
1475 5
562 6
659 6
656 5
1200 10
561 5
1373 6
648 5
1151 6
1118 10
1287 7
1356 7
1321 7
1164 8
1184 7
1166 6
1184 6
1268 5
1352 9
1139 6
1121 8
1270 7
1180 8
1410 6
1225 6
1417 5
1145 8
1242 6
1233 8
1895 7
1407 5
1224 7
1894 6
1137 8
1302 9
1877 5
1421 6
1787 8
1239 8
1537 5
1273 8
1538 6
1807 6
1808 7
618 6
1807 5
1201 8
621 5
1266 10
627 6
703 5
1464 5
1149 6
711 6
1183 10
1442 6
1898 5
721 6
1211 7
629 5
1834 7
1253 5
1183 9
1745 8
1426 5
1744 7
1579 6
724 5
1500 5
1742 6
1252 10
1381 9
1220 9
1210 9
1220 8
1240 7
1318 5
1344 9
1178 8
1222 6
1326 6
1327 7
1252 5
1195 6
1415 9
1329 5
1261 9
1284 6
1312 6
1281 7
1301 6
1292 8
1332 9
1879 7
1473 6
1468 5
1269 7
1962 6
1484 6
1331 8
1237 8
1881 6
1205 8
1606 5
1362 9
1961 5
1880 5
1189 8
1969 5
1030 5
1040 5
1196 8
769 6
1974 6
675 6
765 7
1485 5
683 6
1259 8
774 7
695 5
1283 5
673 5
1815 7
1241 10
754 5
1814 6
1649 5
1813 5
1127 10
1423 8
1265 7
1419 9
1225 9
1266 5
1277 9
1250 6
1308 9
1190 8
1249 8
1249 7
1247 9
1225 8
1225 6
1194 6
1176 8
1177 9
1381 6
1248 5
1300 9
1209 9
1377 8
1306 6
1201 8
1305 7
1316 8
1325 6
1358 7
1464 8
1947 6
1538 5
1977 5
1288 9
1008 5
1278 8
1546 5
1305 5
1289 7
1360 8
1934 6
2039 5
1325 8
1338 5
1298 10
936 5
1325 5
734 7
724 5
2049 5
1361 6
667 6
738 6
660 6
676 5
1356 10
1254 10
663 5
1910 6
1910 5
2043 9
1274 10
1265 8
1425 7
1164 8
1253 9
1250 10
1263 10
1220 8
1253 7
1394 7
1220 7
1251 8
1176 8
1164 7
1450 7
1204 8
1178 5
1192 8
1208 5
1251 6
1518 7
1394 10
1251 5
1394 6
1187 7
1340 8
1330 5
1319 9
1327 6
1396 5
1352 5
1366 5
2054 5
1353 8
1339 7
1196 7
1299 8
1299 7
2101 5
714 6
1349 7
708 5
662 6
2109 5
1333 9
720 6
656 6
1098 10
671 5
2084 10
1993 5
657 5
2190 7
2191 9
1954 9
730 5
1953 8
2191 8
1952 7
659 10
1436 10
1270 8
1257 8
1256 9
1497 5
1271 9
1270 10
1268 7
1259 7
1421 7
1236 8
1236 9
1439 7
1269 6
1269 5
1125 6
1124 7
1235 10
1316 8
1283 10
1280 9
1189 7
1389 8
1351 8
1487 6
1362 8
1359 9
1235 5
1190 6
1235 6
1591 6
1593 5
1442 8
1176 7
1343 8
1439 6
1564 5
1565 6
1348 9
2107 5
1439 5
1348 5
1385 6
1351 6
2087 10
1360 7
1231 7
1151 6
1137 6
1299 8
2144 5
692 6
1311 7
689 5
1315 6
1375 7
1248 7
658 5
652 6
1088 10
1147 9
1444 9
1444 8
1444 10
1418 8
1419 7
1496 6
1496 7
1498 10
1442 5
1497 8
1514 7
1513 6
1515 10
1138 10
1200 10
1202 9
1191 10
1512 5
1510 9
1465 5
1467 9
1220 8
1467 8
1202 8
1468 10
1218 10
1223 9
1184 6
1182 7
1186 9
1218 7
1193 9
1274 10
1419 6
1636 5
1205 5
1224 7
1085 5
1163 8
1669 5
1350 8
1224 6
1587 5
1147 8
1379 9
1429 5
1391 8
1385 9
1193 7
1193 8
1149 5
1358 9
1139 6
1271 8
1300 9
1223 5
1136 7
1269 9
1315 8
959 9
958 8
903 7
1057 9
904 6
1773 9
1059 10
1060 8
1048 8
1765 8
905 5
900 10
1741 9
1003 9
1117 8
1427 7
1170 9
1168 10
1069 5
1082 5
1132 9
1781 10
1119 9
1046 7
1063 7
1778 5
1429 6
940 6
1690 10
1013 8
1754 9
1102 8
1020 10
1301 8
933 7
1050 10
1147 9
1126 10
1258 9
1260 10
1384 9
1033 7
1693 8
1690 9
1150 6
1742 7
1148 7
1320 9
1428 5
1173 6
947 7
1781 6
1729 8
1122 7
1133 8
1405 7
1170 8
1731 10
1408 9
1495 5
920 9
946 7
1835 9
1219 9
934 5
980 7
923 5
1186 9
944 9
1054 9
1017 9
897 6
943 6
1497 7
1017 6
1850 8
1150 8
1803 5
1063 8
916 8
1063 10
895 9
1105 7
1126 9
1174 9
1806 9
708 10
714 9
723 7
716 8
719 5
995 7
722 6
895 8
711 7
1072 10
1512 5
1902 7
1900 5
1219 10
1182 10
1318 9
1904 8
1364 7
1076 7
1127 8
1831 6
783 9
1320 10
1854 6
900 7
785 6
1809 10
736 7
946 5
1832 7
1907 9
1114 8
1371 8
2130 9
961 9
993 9
993 8
963 7
1090 10
992 7
790 10
913 10
905 9
928 10
929 9
1273 9
990 10
1558 7
1042 6
1556 6
1733 10
1110 9
1200 8
1178 9
791 9
935 7
965 5
1044 7
1119 8
1917 5
1073 9
958 8
1138 7
721 10
1468 8
1578 5
2195 7
997 6
1976 6
1884 8
1423 7
1272 10
1179 8
1378 10
1120 10
1375 9
1979 8
1484 8
1043 8
1980 9
2197 8
1834 10
1094 9
1706 10
2201 9
1165 8
2182 7
1259 9
1129 10
734 6
1813 10
1858 10
1071 6
1270 6
1014 8
1025 7
1103 7
1011 9
1339 9
1038 7
1053 7
1053 10
1135 7
1239 9
1239 8
1238 10
1010 10
1162 10
752 5
1297 9
1056 8
1231 8
1636 6
1041 5
1633 5
1176 9
1502 9
1985 7
1017 5
1685 10
1137 10
1339 10
1184 8
748 10
1620 5
1284 9
1304 10
1495 6
1746 10
1642 5
1495 7
1669 10
1121 6
472 9
1448 10
1772 10
1933 9
2060 8
1445 9
1942 9
1918 9
462 8
1594 7
1965 8
2059 7
1788 10
1114 8
1334 5
1336 6
1134 6
1055 6
1340 8
471 10
1444 8
1104 10
1071 10
1116 10
1072 9
1089 7
1073 7
1163 7
1121 9
1912 9
1105 8
1235 10
788 9
1224 10
1307 9
1307 10
1174 8
1245 9
1191 7
1560 5
1089 6
1298 8
1204 10
1761 9
1100 5
1351 9
1521 9
1374 10
1865 9
1409 9
1075 5
1708 5
1409 10
2041 7
1517 8
1174 9
530 7
532 8
1118 7
532 9
1521 10
533 6
533 5
2134 7
1365 9
1635 7
2043 8
1567 5
1744 9
2134 5
1762 10
1975 9
1402 5
1405 6
2134 8
1675 6
2020 8
1409 8
532 10
1326 8
1997 9
1228 8
1172 8
1134 9
1147 9
795 5
2131 6
1146 8
1159 8
805 9
807 7
806 8
809 5
1299 10
1368 9
1285 10
1778 5
1221 7
1370 10
783 10
1308 9
2108 7
1167 6
1830 9
1432 9
1828 8
1265 10
1416 9
1934 8
1474 9
1579 5
1217 10
1600 7
1637 6
1635 5
810 6
577 7
576 8
1436 10
1617 7
576 9
1588 9
1163 5
1589 10
1621 10
1254 7
2196 6
1134 10
1584 8
2195 7
1653 7
1137 5
578 6
578 5
1242 9
1468 5
1811 9
2110 6
1819 8
2064 8
1474 8
1230 10
2178 6
1174 9
1195 9
1288 9
1220 9
1172 10
1196 8
1540 9
1540 8
1528 8
785 9
749 9
750 8
751 7
752 6
2189 6
796 9
1281 7
799 6
1209 8
1355 10
1327 10
1429 10
784 10
1343 10
789 5
787 8
790 6
1369 8
755 9
759 6
756 8
1365 9
2171 7
864 6
766 9
890 6
769 5
863 7
767 8
889 7
1819 5
769 6
1540 10
912 6
1660 10
878 8
968 6
893 8
966 7
1431 9
962 8
1312 7
1225 6
1285 6
1898 8
1193 6
1870 8
787 7
1343 8
1264 9
1345 9
1507 9
757 8
759 5
758 6
1424 10
709 7
710 5
717 6
1335 7
1394 8
1408 10
698 5
757 7
699 6
756 9
692 8
692 5
1741 9
1436 8
713 8
1433 9
690 6
691 7
1736 6
1975 7
926 7
927 6
903 6
710 6
933 7
934 6
2237 5
1629 9
1571 9
1388 10
2034 7
2063 7
1552 8
1369 7
1739 10
2075 7
1504 8
1282 6
1773 9
1359 9
1233 6
2176 7
1272 5
1631 10
1338 6
1423 7
1209 5
1743 8
2213 7
2193 7
504 6
504 7
1368 9
1444 7
1370 7
1552 8
470 6
1296 8
1623 7
1450 10
1435 10
1697 10
1378 8
1461 9
1695 8
1820 8
1413 10
1818 7
669 9
622 6
1466 8
670 8
672 5
1610 8
1312 9
1466 6
1470 7
671 7
672 6
2028 7
1697 9
1375 6
517 5
1313 10
1414 9
610 6
2240 7
1535 7
1399 6
518 6
1534 6
2208 7
2224 7
1627 10
1626 8
2121 7
1586 7
668 10
1362 5
1551 6
1480 6
1815 10
1991 7
2110 7
598 9
598 8
1657 10
2083 7
1696 6
1867 8
1263 6
599 7
1302 8
1314 10
1448 10
1315 9
1625 6
1467 10
1374 6
1595 8
1270 8
1593 7
1592 9
769 10
2053 6
1661 7
1588 6
1477 9
1388 8
1870 5
1877 6
1750 7
1878 7
891 10
1487 7
1618 6
883 10
1483 8
1571 6
1367 10
2129 6
1588 8
1436 10
608 8
1436 6
1877 8
2121 6
2139 6
1421 10
1403 5
609 5
1755 6
609 6
1558 5
1424 9
2104 6
1653 10
1294 5
1513 6
1249 5
607 9
1486 6
636 10
1427 6
1637 7
610 7
1608 6
1374 5
1682 10
2053 7
1754 8
2018 6
1391 9
1653 8
1323 8
1470 10
1943 7
2069 6
1499 6
2086 6
1496 10
1951 5
1626 5
1942 6
1627 6
1665 6
1440 10
1944 8
1507 9
1647 6
1408 8
1636 6
605 9
1514 8
1456 10
2155 6
1297 7
1519 7
1716 7
582 8
583 7
1693 7
2130 6
636 10
584 6
1277 5
1311 5
1827 5
2049 6
1508 6
1522 6
1406 9
2164 6
596 9
1255 7
1552 5
1693 10
665 9
1691 6
1832 10
1563 5
561 7
561 8
2017 6
1941 9
582 9
1292 8
562 6
472 7
1790 5
1427 9
1798 6
1309 8
1404 9
1489 10
1694 5
1300 7
1991 6
1887 8
1721 6
2108 6
1314 7
1992 5
1528 10
1713 8
1455 10
1724 7
1723 5
1991 7
1538 9
2173 6
603 9
1472 10
1396 10
1272 7
1886 7
1546 8
573 8
1298 9
1751 9
2150 6
1535 5
1742 6
1728 9
564 7
1426 8
1316 5
1721 9
642 9
564 6
564 5
1296 5
1551 7
644 8
2181 6
1885 5
1733 5
2073 6
1993 8
630 10
1737 6
1721 8
1442 7
1458 7
1420 9
2041 6
1420 7
1788 8
1786 6
553 6
552 7
553 5
1290 9
1370 9
1304 9
1314 8
1324 8
567 7
512 5
2017 6
1779 6
1770 5
2016 5
1303 7
579 6
1282 7
1748 9
576 8
1263 9
1769 9
1738 5
2018 7
2171 6
1916 8
543 7
1545 10
1728 6
1913 5
1556 9
1421 7
2151 6
1911 6
581 5
1313 5
1913 7
1739 9
1302 5
1562 8
1777 5
538 6
1897 7
2077 6
1568 7
1431 8
1452 9
1470 10
557 8
1441 9
1574 6
1459 7
1744 5
1493 10
577 9
1324 5
531 6
530 7
1416 8
1821 8
1818 6
2045 6
1810 8
1576 5
1371 10
1255 9
1223 9
1362 9
2230 5
1362 8
1281 9
1463 10
2009 6
2008 5
1911 7
1807 6
1247 6
1798 6
1806 5
2009 7
1421 10
1276 6
1255 6
1748 5
1392 7
1914 8
509 6
1910 6
1283 10
1912 5
507 8
1454 9
1542 10
2067 6
1372 7
1466 9
1363 7
1550 9
1383 9
2051 6
1372 8
1735 9
2121 6
1558 8
1688 8
469 6
1564 7
1899 7
2143 6
1782 5
1368 9
1799 5
2010 8
1569 6
494 7
1843 6
507 7
1688 5
1693 10
1572 5
1661 10
1665 9
494 8
1731 10
1327 10
1304 10
1274 10
1192 9
1200 9
1404 10
2203 5
1784 7
1967 6
1172 9
1968 7
1790 6
1992 5
1966 5
1781 6
2240 7
2168 6
1875 8
1826 5
1693 7
482 8
1317 7
1875 7
1874 6
1874 5
1997 6
469 8
517 8
2243 6
1704 6
2086 6
1677 5
2230 7
2182 6
1789 5
1330 8
1328 9
1503 10
1166 5
1320 9
1781 5
2065 6
1514 9
1344 10
1308 8
1696 10
2206 6
1335 7
1645 8
1520 8
1346 8
1643 7
1969 8
1646 9
1708 9
1866 5
1744 6
1527 7
2010 6
1879 9
1322 10
1245 9
1386 10
1829 5
1821 6
522 7
1986 6
1985 5
1976 7
1828 6
1974 5
2077 6
1973 6
1230 10
1889 8
1887 6
1887 7
2025 6
2223 7
1296 9
1887 5
2057 6
2227 6
1691 10
1310 7
1281 8
1702 10
1992 6
2154 6
2191 5
1297 8
1649 8
1515 10
1770 5
1746 6
1649 9
1810 5
1525 9
1713 10
1745 7
2211 7
1307 6
1326 9
1386 9
1532 8
1206 5
1334 6
1976 8
1645 5
1650 10
1317 8
1721 6
1802 8
1538 7
1870 5
1891 9
1991 5
2025 5
1220 7
1356 10
1406 10
2017 6
1161 7
1904 6
1908 5
1900 5
1192 7
1732 7
1732 8
2016 5
1937 7
2056 6
1216 9
1736 9
1936 6
2173 5
2152 6
1230 9
2103 6
2096 6
2018 7
2167 6
2109 6
1825 5
1308 8
2173 6
1692 8
2208 5
1324 7
1692 9
1686 5
1691 10
1308 9
1321 10
1910 7
1940 8
1821 8
1317 6
1819 6
1771 9
1219 6
1335 10
1353 9
1890 7
1737 10
2188 5
2239 6
1578 10
1805 6
1807 8
1941 5
1235 7
1406 9
2245 5
1347 8
1587 9
1704 6
1707 9
1671 10
1831 5
1433 10
1307 9
1780 6
1968 5
1250 9
1271 9
1373 10
477 6
1780 7
523 6
1270 8
1986 7
462 6
1251 8
1827 8
1786 9
1298 10
1239 9
1808 8
1326 8
1733 7
1988 6
1741 9
2055 6
1345 7
1906 5
1942 5
1770 6
1206 10
1325 6
1336 6
2086 5
1375 8
1944 7
2196 5
1768 9
1763 5
1364 9
2213 5
1374 9
1824 6
1434 9
1742 10
1191 10
1768 8
1419 10
1713 6
1955 5
2058 7
1669 10
1335 5
1712 5
1372 5
1717 9
1715 7
1718 10
1676 9
1857 8
1808 7
1238 7
1267 9
1266 10
1267 8
1290 10
2031 6
544 6
2031 5
495 6
1291 9
496 5
1289 8
1229 8
1474 10
1832 9
1835 10
2016 6
1865 8
1850 8
1332 8
2119 6
2033 7
1350 8
2005 6
1369 6
1827 5
2167 6
2119 5
1350 7
1843 7
1841 6
2207 6
1362 5
1280 9
1394 8
1390 7
1903 7
1332 7
1464 8
1841 8
1842 9
1401 9
485 6
1181 5
1829 8
1204 8
1203 6
1338 7
1268 6
1862 9
2246 7
1425 10
1860 5
1862 7
1436 9
1861 6
1249 5
1249 6
2096 7
2165 5
2162 6
1266 9
1935 7
1927 5
1402 10
1496 10
1931 6
1264 10
1937 8
2056 6
1295 8
1297 10
558 5
495 5
493 6
2115 6
1865 7
1938 9
1883 7
1339 8
1361 9
2056 5
1496 9
1298 9
1872 6
1891 8
1360 8
1863 6
1879 8
2033 6
2022 6
1938 10
1138 7
1264 7
1136 10
1137 8
1137 9
1440 10
1162 8
1281 6
1227 8
1341 7
1380 5
1359 5
1139 5
2132 5
1240 8
1453 9
1493 8
1875 7
2058 7
2001 6
1361 7
1900 9
2133 6
1265 6
1890 9
1393 6
2246 7
2230 5
1171 10
2015 6
512 5
1263 10
1950 7
2021 7
546 5
546 6
2008 5
1524 10
500 6
1300 8
2080 6
1952 6
1457 10
1935 6
1299 7
1974 8
2134 6
1264 7
1960 8
2027 8
1346 8
1347 9
1525 9
1109 7
1110 6
1425 9
1303 10
1107 9
2031 9
2042 6
1288 6
1404 5
1261 9
1264 6
1119 7
2146 5
1440 9
2080 5
491 6
2035 10
1095 5
1120 6
1062 5
1060 8
1062 6
1060 7
1060 9
1421 6
1059 10
1371 7
1524 8
1425 8
1117 10
1473 7
1984 9
1974 9
1150 8
1150 7
1149 9
2072 5
2081 6
521 6
1561 10
1287 10
558 6
1560 9
2035 7
1359 9
2015 7
2107 6
2105 5
504 6
1998 6
2090 7
937 8
936 9
935 10
939 7
940 5
940 6
1985 5
2008 5
1314 9
1262 8
2151 6
989 10
990 9
2025 6
1262 7
1302 6
1558 7
993 6
993 7
992 8
993 5
2099 8
1264 6
2046 8
1476 9
1359 7
2035 8
1263 10
1352 10
1076 9
1077 7
1067 7
1066 10
1404 9
1476 10
558 5
1283 5
1387 7
1391 8
2107 9
1067 9
1485 6
1386 6
1449 5
1374 9
2118 5
529 5
1373 9
1430 10
570 6
1262 10
514 5
1604 9
886 9
887 8
1605 10
2129 6
514 6
890 5
1263 8
2080 6
571 5
1604 8
1263 9
2140 7
2090 7
878 10
938 10
939 9
940 7
2075 7
1308 6
1455 10
942 6
1374 7
1604 7
1263 6
1365 10
2052 6
941 8
1502 9
1509 5
2218 5
886 6
1292 5
2152 8
1262 5
1262 7
991 6
1002 5
989 8
1001 7
1287 8
1001 8
1001 9
2159 9
1392 9
988 9
1476 7
1381 6
789 10
1595 8
1023 10
1561 6
791 9
527 6
1300 10
2100 6
2078 6
1287 10
1642 10
1375 8
1516 9
1516 10
549 6
1311 8
507 6
1320 10
840 5
1268 10
2145 6
2134 5
833 10
1461 10
2158 7
2113 7
1476 10
2097 7
847 8
1641 8
818 9
1642 9
1447 9
847 9
845 10
817 8
1238 9
850 5
819 7
820 6
1539 9
1441 9
1295 9
1480 7
1260 6
1428 9
1581 9
1465 8
517 7
1239 10
1457 9
739 6
1560 10
1578 10
503 5
1239 7
2174 8
1595 10
751 7
1389 7
740 5
1593 9
1307 9
1383 6
751 6
522 5
2094 6
2112 6
1290 9
488 5
1304 9
1304 10
1673 10
2154 6
2141 5
1474 10
1666 5
1518 10
488 6
1425 10
1419 10
648 5
647 6
1429 9
636 6
1670 7
1669 6
1672 9
1538 8
1366 8
1383 7
524 6
637 5
1208 8
2171 7
1373 6
2206 5
622 7
1671 8
1358 10
1385 6
2127 7
633 7
2117 7
2191 5
706 6
521 7
706 7
1642 7
704 8
703 10
704 9
708 5
1511 5
2184 8
508 7
1609 10
1512 6
624 6
1388 9
1254 8
1589 8
1311 8
1616 6
1615 5
2119 6
2100 6
504 6
580 7
1525 9
1526 10
598 7
1361 8
1235 10
1290 8
1719 6
2157 6
1720 8
1717 5
1719 7
1721 9
1722 10
1452 10
2143 5
1292 10
1479 10
1276 10
1348 10
1259 8
1603 7
1150 7
2176 7
587 6
1260 9
1127 8
2166 6
2134 7
1368 7
1542 9
2124 7
1151 6
1592 7
1550 10
1562 10
1382 6
1637 7
617 5
613 9
1579 10
616 6
1520 8
1604 10
641 10
1701 10
1371 5
652 10
1502 6
612 10
1560 8
617 8
1265 7
2189 8
1688 10
616 7
1644 5
2111 5
1778 8
499 5
1780 9
1546 9
499 6
2181 6
1777 6
1364 7
2131 6
2146 6
1496 10
1367 8
1480 9
1778 7
1434 10
1759 6
1427 10
1777 5
570 5
570 6
1431 9
1437 9
1186 8
1704 7
1129 8
1725 7
1781 10
1682 5
1739 7
1249 8
1312 9
557 6
1242 9
1468 7
1734 5
1073 6
2200 7
1595 10
586 9
570 8
1074 5
570 7
1057 8
1387 6
2245 6
1650 7
1640 7
1764 9
1661 6
666 10
1403 9
1624 10
1287 8
1738 8
1354 8
1299 9
568 9
457 5
1541 8
2125 5
2142 5
2173 5
476 5
1785 5
926 7
928 6
1008 6
991 6
1275 8
1513 10
2193 6
1368 7
1297 9
2157 6
2146 6
1567 10
1425 10
1780 8
1441 10
1441 9
1779 7
1769 8
1766 5
1768 7
1777 5
1447 10
1267 7
1451 9
1355 10
1239 7
1609 7
589 8
1724 5
1380 9
607 9
1369 6
1806 8
1813 9
1194 8
1509 7
556 8
965 6
2209 7
1609 10
1378 8
1285 10
1813 7
546 8
546 7
499 5
1142 9
523 6
1073 6
1643 10
2245 6
1786 8
1744 6
1150 8
1728 7
470 5
2170 5
1528 9
1289 9
873 7
855 7
1288 8
2191 6
1374 7
1513 10
1261 7
1299 10
1298 8
1221 7
2144 6
2158 6
484 6
1529 10
1788 5
1585 10
1791 8
916 5
1599 10
1478 9
1584 8
1584 9
1792 7
1148 9
1457 9
1800 7
1374 8
1435 8
1451 9
1368 6
473 6
1794 9
1529 8
1789 6
1140 7
2232 5
540 7
1618 7
1772 9
1351 10
530 7
693 7
1836 8
1820 8
2207 7
529 8
1370 5
1242 7
1457 8
1507 9
558 9
521 7
1573 5
1513 9
1722 6
1837 9
2140 5
2179 5
1555 9
1555 10
1277 9
1279 8
1840 7
1839 6
1768 5
928 6
2204 6
1293 9
1278 10
2169 6
1615 10
2160 6
1443 8
1471 9
536 7
1489 9
1471 10
1293 10
1613 8
2155 5
1464 10
1614 9
1554 8
1377 7
1758 5
1819 8
1819 6
1820 7
1378 8
898 6
1380 6
1490 7
1375 5
843 6
1813 9
1839 5
535 8
882 10
1537 8
1517 9
1677 6
1733 5
1863 6
1799 9
1132 7
1521 6
1864 7
515 6
1191 8
2214 7
1824 9
1406 8
1524 9
843 5
2208 5
1711 5
2196 5
698 7
1523 9
872 7
885 7
1595 10
1490 9
1502 9
831 7
1594 9
492 5
1657 10
1570 8
1881 6
1278 8
2159 5
2172 5
1481 7
2221 6
1593 8
919 6
899 6
1489 8
853 7
527 7
1296 8
1466 8
606 7
1366 8
504 6
1655 8
1656 9
1278 9
1542 8
1836 8
1393 7
1395 6
531 5
1578 5
1405 7
492 6
1863 8
1279 7
1855 8
1291 5
902 5
964 6
1279 5
1903 5
1763 5
532 6
1091 6
1654 7
1705 6
1546 9
965 5
1525 8
2218 5
1202 5
1755 6
835 7
2204 5
914 5
1534 9
1636 10
1554 8
2181 5
2169 5
1635 9
1862 8
1514 9
2228 6
1696 10
1512 8
1908 6
897 7
1907 5
1280 7
1561 5
1268 6
942 5
1267 7
1696 9
1695 8
1632 7
1693 7
1884 8
1505 7
521 6
1533 8
1894 8
1891 7
1891 6
619 10
1455 8
1897 5
731 5
1433 5
723 6
1579 5
1266 8
1743 6
1370 7
1267 10
1441 5
1765 5
1562 10
1299 6
1278 6
547 7
1328 10
726 10
1587 8
1596 7
1589 10
588 9
1817 6
1294 7
1688 6
728 8
2192 5
1566 9
1560 8
953 9
1577 9
1356 8
1676 10
1542 8
898 6
1217 7
689 7
1674 8
1675 9
2172 5
2161 5
1244 5
1503 6
1589 9
1749 9
1400 6
2216 6
1730 9
952 8
933 8
953 7
905 10
955 10
1023 5
1356 10
1090 8
969 10
975 8
971 6
1091 10
1244 6
964 7
1087 6
1102 7
1217 6
1459 9
564 9
909 5
512 7
1729 8
1922 6
1921 5
905 7
1728 7
1491 7
1897 5
1218 5
1732 10
1513 6
1725 6
1270 7
1492 6
1357 7
1907 5
1907 6
1908 7
500 6
1607 9
2191 5
1593 9
542 7
1578 8
1352 9
1144 6
880 6
1355 8
598 7
2173 5
2162 5
1719 8
1722 10
876 5
1209 7
1196 7
1600 8
1203 8
1605 7
1518 6
912 7
921 5
919 7
920 6
1719 7
723 5
1226 5
1224 7
1722 9
1246 8
1146 5
1246 7
1466 9
1566 8
568 9
516 7
900 5
2214 6
711 9
1653 7
1917 5
1545 5
1593 10
1575 10
1718 6
1941 5
1942 6
604 8
1645 7
1309 7
1523 5
580 10
1532 9
1356 7
1673 6
1927 6
1928 7
1926 5
550 5
2187 5
1772 9
529 7
1809 6
1266 8
1672 8
1349 8
1813 9
1274 8
1811 8
2159 5
2169 5
1664 7
2212 6
537 8
1771 7
1620 7
1810 7
1771 8
1643 7
1488 7
1763 9
1774 10
1143 6
1928 7
560 9
1150 7
1349 9
1656 8
1194 6
1213 6
1213 8
1474 9
1870 5
1304 8
1116 8
1138 5
506 7
1002 6
1957 5
1539 6
1001 7
1248 6
1746 6
1958 6
525 6
549 8
1812 10
1500 6
741 7
1937 7
1935 5
1158 5
1808 5
533 5
1854 5
591 10
1769 5
1213 5
2200 5
483 5
961 5
1096 7
622 5
489 6
532 7
1653 7
959 6
1355 9
1740 7
1758 7
1880 8
1025 5
1254 8
619 7
2172 5
2182 5
959 7
1004 7
1876 5
1877 6
1633 7
1878 7
1756 6
1266 8
1011 6
623 6
1253 10
546 8
793 8
834 10
835 7
796 5
853 5
852 6
834 8
950 10
1827 6
1742 6
795 6
855 10
1761 5
1354 7
1689 6
1621 7
1880 9
1153 5
1194 9
909 6
879 7
790 10
859 7
1828 7
618 9
1165 5
902 5
1544 6
1964 7
572 9
503 5
531 5
2199 5
813 8
476 6
474 5
554 7
532 7
556 6
557 5
1833 6
1927 7
908 6
906 7
1646 6
889 7
1354 8
1354 7
817 9
909 5
1850 6
1847 5
1870 8
1926 6
2172 5
2182 5
1924 5
1659 6
977 7
978 6
1928 8
1054 5
801 5
797 6
795 8
1835 5
554 8
805 7
537 8
1610 10
1166 7
969 7
1594 10
742 8
972 6
745 5
1053 6
741 9
1153 7
745 6
1053 7
1868 6
1869 7
1164 9
1152 8
1867 5
1153 6
1152 9
839 9
818 7
2207 5
529 5
529 6
1968 7
471 5
928 10
931 8
931 7
933 6
1968 6
779 5
528 7
705 7
1967 5
781 8
783 6
933 5
851 6
1704 6
780 7
475 6
760 8
1622 10
1634 10
705 8
768 6
768 7
1646 10
852 5
1907 6
1819 5
1047 9
1661 5
1099 9
1888 7
1101 6
1100 8
1099 10
1091 6
1989 5
1051 7
1089 8
1047 10
2235 5
1088 10
2226 5
1969 8
1909 8
1906 5
1052 6
2178 5
2190 5
527 8
1908 7
852 7
1356 5
1089 9
1282 5
1064 9
850 8
519 6
478 6
1462 8
985 5
979 9
981 8
865 10
1369 5
752 9
982 7
978 10
1445 8
869 6
865 9
2008 6
866 7
985 6
873 7
1661 10
751 10
870 5
996 7
519 7
997 5
1947 7
2227 6
994 9
2007 7
871 9
519 5
866 8
872 8
1949 8
1947 6
1275 5
761 8
1274 8
1674 10
1275 6
2193 5
1499 8
2182 5
486 7
2134 5
2134 6
2003 5
2010 8
754 6
755 5
753 8
753 7
798 8
518 8
1948 5
800 6
1497 6
792 8
1032 5
1746 5
1028 10
494 6
2196 5
495 5
2024 6
463 6
1365 5
596 6
2022 5
2025 7
1966 7
515 6
906 6
972 5
971 6
970 7
824 10
1964 5
969 8
460 5
992 8
1754 9
1965 6
986 7
1823 5
981 5
1366 8
1027 5
907 5
1237 6
494 7
906 7
825 8
828 5
926 8
980 6
1854 8
1089 6
826 9
2216 6
628 9
626 7
698 5
1119 7
697 7
1237 5
1244 8
683 7
2130 6
828 6
1842 5
2184 5
2173 5
683 6
828 7
2129 5
627 10
627 6
627 8
627 5
701 6
545 6
525 6
944 5
573 6
509 5
542 7
571 7
632 6
2017 6
875 6
743 6
921 10
688 8
621 6
629 5
522 5
987 8
985 9
987 7
984 10
1013 10
973 6
962 7
2018 7
963 6
1009 9
961 9
895 6
1527 6
529 7
1527 7
1547 6
1548 7
688 9
2017 5
1401 7
1401 8
1009 8
1006 7
1401 9
906 10
483 6
1228 7
1234 5
1229 6
1749 10
1228 9
686 10
1748 9
2161 5
690 7
692 5
2074 7
1401 5
1402 6
592 7
592 8
592 9
2246 6
1581 5
570 5
476 5
555 6
518 5
1432 9
1424 9
581 6
2128 5
2077 6
2129 6
539 6
578 7
459 5
2076 5
1868 8
543 5
636 7
635 8
637 6
1484 9
1219 5
1218 6
1218 7
1218 9
1218 8
1218 10
566 7
2204 5
1823 5
1825 7
1668 10
1755 10
634 9
1750 8
2054 6
1749 7
590 7
589 8
1668 7
1826 8
1752 9
1824 6
1437 6
1455 9
633 10
1670 9
1516 7
2246 5
1408 9
1827 9
591 9
1436 5
591 6
1666 5
1668 8
2159 5
621 6
1484 8
1482 6
1829 10
483 5
523 6
1401 9
1415 9
497 6
510 6
1856 6
499 5
2230 5
2108 6
1845 8
1689 8
2108 5
484 6
1033 8
2059 5
1033 9
1032 10
528 5
1759 10
2138 5
2207 5
1758 8
1074 7
1074 8
523 7
1634 7
1556 8
1844 7
1843 6
1035 7
857 6
830 10
841 7
812 9
823 8
1004 10
1005 9
1007 6
1007 7
1007 8
1693 10
554 7
1846 9
555 8
1770 10
1009 5
856 5
1766 6
1759 9
1074 9
1641 10
1654 7
1495 8
1035 6
1650 10
812 8
1776 5
1778 7
1415 10
2112 5
2097 5
961 9
478 6
2114 6
977 8
2096 7
961 8
2113 7
1352 9
2119 7
2096 8
1678 7
2031 6
2039 8
2035 5
465 6
2031 7
1753 7
2116 8
987 7
988 6
1007 9
1006 10
1009 6
973 7
1009 7
971 6
1008 8
2040 9
961 10
964 6
963 7
478 7
1621 7
1393 8
1394 5
2146 5
529 8
2096 9
2120 9
507 8
1393 10
529 9
1646 10
988 5
499 8
1396 9
499 7
1367 10
498 6
2047 6
1010 5
982 9
467 7
1643 7
2085 6
2084 5
1428 8
1353 8
2152 5
2138 5
1350 8
1373 8
2178 5
2240 5
2120 6
487 6
2121 7
2117 5
475 6
2245 6
487 5
914 9
1811 9
475 5
1683 6
1716 6
1717 7
931 5
927 6
915 6
476 7
1748 9
903 7
1830 9
953 7
952 8
942 9
902 9
954 6
905 6
954 5
1328 9
2121 8
1803 9
2123 9
1369 10
1380 10
942 8
1652 9
1536 7
1651 8
1650 7
912 8
1584 6
1649 10
1627 6
1424 5
1551 7
1747 8
1535 5
1425 7
1426 8
1384 7
2123 10
1769 7
1329 10
1329 8
1573 6
936 8
1410 9
1408 8
1447 9
2210 5
1408 7
935 9
2212 7
1438 8
977 7
943 7
550 7
943 6
1825 8
2033 9
2209 6
1918 8
2212 8
979 5
949 10
1722 10
978 6
1397 8
1397 9
1420 10
1825 7
1730 10
956 8
2051 9
957 7
2212 9
1736 7
1735 6
1738 9
1739 10
1988 9
1585 5
1455 9
1692 5
1734 8
1512 5
1513 7
1513 6
1454 10
1453 7
1718 6
1581 7
1719 7
1385 7
1386 10
1385 9
1385 8
1827 9
1837 8
1728 6
1879 6
1918 9
984 8
2175 10
1461 6
1002 9
483 5
1482 7
572 6
1521 7
1054 10
1055 9
1478 8
1470 8
1471 9
588 6
484 7
1037 10
1055 8
1007 6
1004 7
1011 5
998 8
481 6
1901 7
586 7
483 8
1678 9
1010 8
999 10
1467 7
1056 7
1040 9
1057 6
1789 5
1792 7
1675 7
2090 8
1793 8
1809 5
1901 6
1903 8
1777 10
2068 8
1815 7
1814 6
1971 8
1996 8
483 9
1057 5
1813 9
1795 9
1814 8
2235 9
2187 9
1601 6
2219 9
1734 5
527 6
1702 6
1461 10
1459 8
1540 9
1725 8
1460 9
547 5
567 5
1846 8
1555 7
578 5
1578 7
1550 8
1118 9
1594 7
1117 10
1095 9
1064 10
1819 8
1553 9
546 7
1069 6
1806 7
1858 6
1060 9
1817 6
1069 5
1761 7
1869 8
1868 7
1859 7
1867 6
1599 10
546 8
1884 5
1075 10
1061 7
1107 9
1119 7
1106 10
1119 8
1120 6
595 6
1059 8
1829 10
2068 7
1972 6
1887 7
1861 9
2227 8
1553 10
1586 8
546 9
1889 8
1886 6
543 6
1691 7
639 7
1764 10
513 9
1046 7
1627 8
1627 9
1626 7
1050 8
1537 9
625 5
1628 7
1630 8
1652 8
658 6
1651 7
638 5
1666 6
1667 7
1667 8
1134 10
602 6
603 5
1177 10
1610 6
1611 7
1613 8
603 7
1928 7
1928 8
1898 8
1123 9
1941 7
1939 5
602 8
2227 7
1123 8
1168 10
1179 7
1178 8
1941 6
1910 9
2206 7
1899 10
1960 8
1779 7
1945 8
1959 7
2041 5
1957 5
1144 6
1123 7
510 8
1719 10
601 9
1849 10
1847 8
1958 6
1086 7
1179 6
1090 8
1083 6
1114 5
1101 8
1124 6
571 9
1183 9
1104 7
1848 9
1111 6
1176 10
653 6
1719 6
1720 7
702 6
1742 5
1743 6
1745 8
1744 7
1187 10
1233 10
1215 10
652 5
1722 8
650 7
1995 7
1178 9
1934 6
1878 7
650 8
479 7
2014 7
2013 6
468 7
1978 9
1177 7
1177 8
1234 8
1234 7
1975 5
1820 7
1818 5
1994 6
652 9
1880 9
549 8
2028 7
1821 8
2108 5
1822 10
1819 6
1822 9
621 9
685 6
1108 7
695 6
1112 8
1126 8
1136 6
1877 6
1128 7
1933 5
1106 6
1234 6
1178 6
570 9
1100 5
2016 8
762 9
594 9
693 7
1284 10
2047 6
681 7
681 6
1241 10
695 5
1268 10
762 7
1997 6
678 5
1223 10
756 7
747 7
679 8
792 7
1223 9
538 7
2088 5
1997 7
522 7
2048 8
1285 9
1285 7
1285 8
1225 8
679 9
1233 10
599 8
711 7
1953 6
1998 8
2087 7
712 6
2172 5
1224 7
1953 7
1953 5
1995 5
1955 8
2172 6
1867 9
1868 10
1867 8
1865 7
1864 6
1863 5
1285 6
1225 6
2077 7
1060 6
1050 7
609 9
1965 7
629 9
1966 8
2102 7
1062 5
1969 10
1243 9
1316 10
771 6
2114 5
773 7
680 6
680 7
682 5
1332 9
679 8
2116 6
1336 10
2116 7
772 5
574 7
1261 10
558 7
2157 6
2157 5
625 8
1331 7
1332 8
1261 7
1261 9
1331 6
678 9
752 7
1261 6
2228 5
1258 8
753 6
657 9
2228 6
737 5
1279 10
768 10
2065 9
2064 8
772 9
2064 7
2063 5
643 9
2113 9
2156 7
2110 8
584 9
1270 9
1330 5
2242 5
1289 9
1316 9
2100 8
1261 5
2100 7
719 6
718 7
2062 10
2100 9
625 9
678 10
557 8
1364 10
741 6
740 7
669 7
1346 10
707 5
2170 6
2170 5
718 7
719 6
1296 10
1318 10
668 8
595 7
670 5
2200 5
738 9
574 7
2200 6
1365 9
2169 7
648 8
640 8
1278 7
1279 10
1279 9
741 8
1364 7
1276 6
1367 8
668 9
1363 5
1308 10
737 10
1279 5
2169 8
743 5
650 9
1277 8
667 6
2140 8
2142 9
2141 5
2141 7
2142 6
639 9
1296 9
1317 9
513 6
731 6
2159 7
2159 9
1345 9
2142 10
628 8
533 5
716 8
2202 7
730 7
666 10
687 5
1389 10
1363 10
645 7
699 7
701 5
700 6
2191 6
601 7
1305 10
697 8
1332 10
2191 5
2219 6
671 5
685 7
2217 5
1279 9
1280 6
1279 10
646 8
1388 6
1382 10
1389 8
1279 7
1387 5
2192 7
698 9
632 8
474 6
474 5
1280 5
1391 7
625 8
573 7
1322 10
613 8
2178 8
2178 6
646 6
1331 9
504 5
1363 9
2192 8
2177 7
645 9
2177 9
696 10
632 9
539 5
623 9
1396 9
2192 9
502 6
691 6
1274 8
2175 5
540 7
613 9
2177 10
1377 10
1421 10
2209 6
631 7
1315 10
1342 10
2229 6
2210 5
2231 5
603 7
1422 9
1268 7
1269 6
1268 9
1267 10
668 8
630 6
1418 5
1420 8
1421 7
1396 10
1419 6
1268 5
2209 7
653 6
482 5
630 8
1265 8
669 9
630 5
1377 9
1341 9
1315 9
571 7
481 6
603 8
620 8
609 8
1399 9
570 6
604 6
630 9
544 6
571 5
604 5
668 10
545 5
2246 7
565 7
575 8
2198 7
2196 6
556 5
2199 5
554 6
648 10
1073 7
1075 5
1073 8
1071 10
1381 10
1365 10
607 6
623 6
605 5
1340 10
637 7
1310 9
1309 10
606 7
2230 6
1222 5
1222 6
1221 7
1220 9
1220 8
1219 10
585 7
1466 5
1338 9
1466 6
1467 7
1468 10
1467 8
1380 9
1466 9
1406 9
1397 10
637 8
1437 10
1438 9
478 6
479 5
638 6
606 8
1337 8
1379 8
2188 5
534 5
637 9
556 7
1402 8
585 5
584 8
1437 8
585 6
1306 8
557 5
1415 9
620 9
599 8
2246 7
557 6
1028 5
995 6
1025 9
1026 8
569 8
2206 7
994 7
1371 9
606 8
1164 9
1163 10
583 8
1114 10
2227 6
1151 9
1300 8
1300 10
1300 9
1114 9
1115 8
526 5
1150 10
1327 10
1334 8
1381 8
1337 9
1115 5
1115 6
1166 8
1163 7
1164 6
528 6
1397 9
606 9
1396 10
1574 7
1573 5
1573 6
1574 9
1576 10
472 5
1575 8
1445 9
1446 10
1445 8
553 8
584 9
525 9
1163 5
525 8
1092 7
1091 9
1093 6
1332 7
1381 7
1090 8
1111 7
1405 7
543 7
1128 9
525 10
1141 8
543 8
1411 8
1149 7
881 6
1135 10
1361 10
1369 10
1629 10
1628 9
1069 8
1068 9
1067 10
1097 8
1297 10
1145 10
1627 7
1628 8
1337 9
1070 7
1071 6
1071 5
1144 9
1394 9
591 7
1135 10
2234 6
1404 10
1614 8
1767 9
1753 6
1754 7
1762 5
1753 5
1763 6
1757 9
1146 6
1626 6
477 5
1624 5
573 7
664 7
665 5
1765 7
1615 10
1766 8
1755 8
661 10
663 8
661 9
1614 9
1146 8
1147 7
1465 10
1464 8
1465 9
1464 7
665 6
1336 7
1335 8
1396 8
1409 9
1109 8
1146 5
558 7
1612 7
1424 10
1032 10
1055 10
1057 8
1094 8
566 7
1046 9
1024 6
1021 10
1022 8
1023 7
1022 9
1031 8
1705 7
1706 8
1025 5
1303 10
1304 9
568 5
1703 5
1315 8
1661 10
1708 10
568 6
568 8
1128 10
1079 8
1708 9
1451 8
1302 8
1670 10
1302 7
1061 9
1658 7
566 9
1808 6
1858 6
1859 7
1803 9
1807 5
1809 7
1798 5
1810 9
1849 6
1802 8
1800 7
1850 7
1811 8
1799 6
1311 7
1705 6
1131 9
1131 7
1130 6
1130 8
532 6
1666 6
1502 10
1500 7
1501 9
1038 9
1057 9
1056 10
542 5
1030 7
1028 10
1029 8
1029 9
1037 10
1816 5
1818 7
1416 9
1103 10
1104 9
1105 8
1074 10
1819 6
1820 8
1031 6
585 6
1128 8
584 7
457 5
1032 5
1165 10
1360 9
583 8
1810 8
1806 5
1755 9
586 5
1497 8
1416 8
1753 8
1751 6
1753 7
1806 7
1822 9
1383 8
1358 8
1360 10
1922 6
1914 7
1912 5
1062 8
1913 6
1921 5
1166 9
1167 8
1766 9
542 6
1805 6
1074 8
584 9
1489 10
1924 7
1358 7
1167 6
1167 5
1166 7
1118 10
1168 10
1118 9
1138 9
1102 10
616 5
582 5
1103 9
1168 9
1931 7
615 6
614 7
1200 9
1566 10
1045 8
1212 8
1448 9
1448 8
1448 10
1566 9
1608 7
1611 8
1079 10
1080 9
1091 9
1445 7
1896 6
1895 5
614 8
1092 8
1932 8
1515 8
1896 7
1454 7
1220 9
1220 10
1045 9
1176 8
2044 5
2051 5
1048 5
1486 9
1047 6
1859 7
1858 6
1857 5
614 9
1472 8
2052 6
2044 6
1157 8
1486 10
576 9
1094 10
1916 6
554 9
1119 7
1916 5
1221 5
1119 8
2018 5
1166 10
1221 10
1155 10
1187 10
1189 9
1222 8
1222 9
645 6
1253 9
641 7
1246 9
631 6
1544 8
1546 10
1545 9
2019 7
1697 7
1204 10
1135 9
1144 9
1683 7
1143 10
1144 8
641 8
1967 5
1967 6
1622 10
1266 9
1266 10
1266 8
1722 6
1556 9
1168 9
1168 7
1942 5
1168 8
1945 6
1240 8
1095 8
1984 5
1267 5
1267 6
1266 7
1721 5
1985 6
2126 5
2136 5
1543 6
1645 8
1542 5
1622 7
1646 9
1790 10
1789 9
1623 6
1236 7
2137 6
2125 6
1226 7
1283 10
1248 10
1248 9
1226 10
1214 10
1284 9
1314 8
1677 9
1675 7
1676 8
1316 9
1325 8
1283 8
2101 6
1273 8
1678 10
2101 5
1196 9
1780 6
2055 5
1205 9
1204 10
674 8
1748 6
1764 6
1269 10
1325 9
655 5
1225 8
1225 9
2028 5
2029 6
1842 5
645 5
1729 5
2047 7
1226 7
1325 5
1327 10
1325 6
1738 5
1718 6
1697 6
2026 7
1707 6
680 5
679 6
680 7
1716 5
1725 9
1673 5
1724 8
1326 7
1722 7
1205 8
1749 5
1304 9
1887 9
1887 8
1295 8
1306 10
1342 10
1342 9
1376 9
1367 9
1367 8
1330 8
1320 8
1839 8
1839 9
1836 6
1835 5
1837 7
1260 10
1283 10
1268 9
1283 9
2120 5
1283 8
1267 10
1345 8
1840 10
1388 9
1388 10
701 6
700 7
2104 6
699 8
1389 8
694 5
2175 6
2172 5
681 5
703 5
1282 7
1389 7
1387 6
1388 5
1979 10
1324 10
2099 5
1268 8
1352 5
1352 7
1342 5
1342 6
1342 7
1979 9
1979 8
1978 7
1977 5
1978 6
2013 9
1353 6
637 8
1179 9
1180 8
1179 10
1204 8
1887 8
1407 10
1368 10
1367 9
1407 8
1408 9
1382 8
2180 5
1447 8
1435 8
1315 9
2166 5
1392 10
1322 10
1322 9
1344 10
1992 8
1992 7
1991 5
1992 6
1341 8
1341 9
1332 10
2233 6
1409 7
1993 9
1420 7
1480 8
1445 9
1480 9
703 5
1433 9
1340 7
703 6
1481 10
687 6
1478 6
722 6
721 7
1994 10
1322 8
722 5
719 8
2166 6
687 5
1260 10
1420 5
1478 5
1411 5
1480 7
2042 10
2074 9
522 5
2061 8
2061 7
1341 6
1473 10
2060 6
2060 5
2100 8
2197 9
1429 10
1387 10
1397 8
1387 9
1359 10
1348 10
1429 8
1430 9
1562 9
1591 8
1473 8
1590 9
1461 7
1462 8
1481 7
1593 10
1572 10
1337 9
1336 10
1409 10
2189 5
2083 7
1357 9
1357 8
1589 6
568 5
2083 6
2083 5
1572 8
2085 8
589 5
1549 10
1575 9
1430 7
1357 7
1589 5
1446 6
1593 7
2084 9
1335 8
1460 6
2092 9
691 7
820 10
826 5
823 7
823 6
823 8
821 9
1443 5
2117 8
1452 5
696 6
1508 10
1581 7
1520 9
515 5
528 5
1529 8
1358 6
1380 10
1414 10
1509 5
1414 8
1414 9
1370 10
1458 7
1460 10
1459 8
1459 9
1508 8
1495 6
1496 7
1496 8
1517 7
1526 6
1441 7
1349 9
1806 6
1810 10
1357 10
1357 9
1609 10
1526 5
1431 10
1699 6
1380 9
1629 7
1805 5
1645 7
1809 8
1380 8
1379 7
1736 7
1617 8
1749 8
1626 9
1698 5
1592 10
1751 7
1691 8
1689 7
1490 5
1477 6
1356 8
1652 7
1655 6
2144 7
2144 6
2144 5
695 7
695 9
698 5
697 8
1379 6
673 6
1790 9
1786 5
1645 9
1643 8
1388 10
1375 10
1427 10
1766 7
1473 10
1472 8
1473 9
1472 7
1648 8
1434 7
1422 7
1424 8
1423 9
1529 8
1391 9
1516 6
1517 7
1518 8
1539 7
1460 10
1661 7
1621 10
1351 9
1359 10
1359 9
1436 10
1546 5
1549 6
1648 9
1358 8
1723 6
1630 10
618 5
616 7
617 6
616 8
1636 9
1767 8
1387 8
1387 6
1387 7
1706 7
1707 8
1674 6
615 9
1478 6
1723 5
1511 5
2165 6
481 8
2165 5
1797 9
1662 9
1660 8
1796 5
1797 6
1816 8
1799 8
1798 7
2140 5
1412 10
1393 10
1502 10
1412 9
1454 7
1456 9
1400 9
1453 10
1792 7
1492 6
1500 7
1502 9
1501 8
1680 9
1500 6
1478 10
1553 5
1554 7
1689 8
1554 6
1366 10
1578 7
1705 7
1366 9
1375 9
1375 10
1719 6
1734 6
585 5
584 7
1744 6
2230 5
1583 5
585 6
1373 8
1830 8
1553 8
1733 7
1735 8
1780 8
1588 6
1776 6
584 8
1662 10
1731 5
1412 8
1411 6
1412 7
2189 5
1524 5
1411 5
1691 9
1788 6
1682 10
1828 5
583 9
1829 6
1852 7
1830 7
1853 6
1409 10
1442 10
1442 9
1442 8
1498 10
1495 6
1498 9
1496 7
1538 10
1538 9
1434 8
1408 9
1495 8
485 5
1507 10
1536 6
1536 7
1537 8
1433 10
1624 7
1379 9
1379 10
1389 9
1602 5
1389 8
1603 6
1389 10
1604 7
564 7
564 6
565 5
1812 7
1933 5
1529 9
1937 6
1530 10
2246 6
1827 7
1805 7
1826 6
1765 8
1950 6
1950 5
563 8
1533 5
2207 5
1819 6
1869 8
1439 5
1321 10
1722 10
1888 5
1440 6
1441 7
1888 6
1629 5
1888 7
1889 8
1865 7
1389 7
1419 10
1540 9
1472 8
1442 8
1568 10
1540 10
1419 9
1568 9
1538 7
1538 6
1539 8
1791 7
1536 5
1476 10
1897 6
1897 5
1440 10
1563 5
1836 7
1564 6
1565 7
1567 8
1385 10
1824 7
1906 6
549 5
1813 7
1398 10
1398 8
1385 9
1397 9
549 6
548 7
1904 5
1643 5
481 7
1644 6
1847 7
2213 5
2246 6
1396 7
1824 6
1915 7
2214 9
548 8
1560 10
507 8
1667 6
516 8
1665 5
1761 10
1940 9
1651 5
1863 8
1558 9
1915 6
1470 6
1884 7
1882 5
1883 6
1409 10
1500 10
1426 8
1831 7
1500 9
1409 9
1499 8
1499 7
1457 7
1489 9
1869 7
1872 6
1860 7
1863 6
1426 10
1878 5
1371 10
1371 9
1386 9
1386 8
513 5
513 6
1461 10
1787 10
1850 5
1806 8
512 7
1451 10
1846 7
1385 7
1442 7
1390 10
1484 6
1726 5
1793 9
1502 6
1834 6
505 8
1679 5
1680 6
1370 8
2204 8
1588 9
1587 8
1589 10
2199 5
1477 9
1488 10
1919 6
1918 5
1919 7
1379 10
1585 6
1897 7
2215 5
505 9
1689 5
1690 6
2246 8
1711 6
1398 10
2215 5
1555 10
1554 9
1416 8
1397 9
1483 6
1519 5
1552 5
1554 7
1552 6
1374 10
1875 7
1852 8
1498 10
1410 10
1870 8
1862 8
1487 10
1354 9
1354 10
1364 10
1446 10
1827 10
487 6
1371 8
1372 9
1763 5
1864 9
1472 10
476 7
1436 10
1371 7
2195 7
1924 6
1923 5
1347 9
2188 5
1871 9
1924 7
2072 9
487 7
1298 10
1353 8
1669 5
1490 9
1675 10
1900 7
477 8
1673 8
1671 6
1674 9
1671 7
1543 10
1542 9
1912 5
2246 7
1913 7
1914 6
2029 9
1387 10
1433 7
1360 10
1400 8
1388 9
1467 6
1915 6
1502 5
1572 9
1441 10
1352 10
1643 9
1643 10
1490 9
1434 10
1901 7
1490 10
1589 9
1551 8
1479 10
1573 10
1642 8
1571 8
1398 10
1339 9
1889 8
1928 5
1425 10
1589 10
1586 8
1638 5
1597 9
1340 10
1486 5
1476 5
1332 10
1632 7
1359 8
1358 7
1644 7
1515 9
1515 10
1927 6
1469 9
1926 7
1597 8
1879 10
1615 7
1463 10
2188 7
1597 10
1384 8
1362 9
1338 8
1670 5
457 7
1670 6
1671 7
1672 9
1803 7
2195 5
1686 7
1353 10
1415 7
1385 8
1386 9
1481 5
1447 6
1689 9
1578 8
1579 9
1436 10
1689 8
1346 10
1458 9
1965 5
1967 7
1966 6
1538 8
1966 8
1429 10
1689 10
1489 9
1490 10
1580 10
1330 9
1420 10
1513 9
1685 5
1673 7
1686 6
1331 10
1456 10
1674 8
1353 7
1444 9
1353 8
1525 8
1330 8
1354 9
1480 9
1624 7
1968 10
1323 9
1513 10
1618 7
1606 7
1352 6
1568 8
1408 7
1395 7
1966 9
2187 7
1505 9
1565 9
1595 10
1267 9
1481 10
1826 6
1829 9
1393 10
1355 10
1415 7
1447 6
2226 5
1392 8
1393 9
1750 7
1750 6
1594 8
1595 9
1484 9
1346 10
1687 7
1473 9
1520 9
1485 10
1520 10
1496 9
1497 10
2246 6
1548 8
2065 7
2195 6
1330 9
1329 10
1754 8
1754 9
1438 10
1596 10
1961 10
2063 5
2064 6
1708 6
1715 6
1695 6
1754 10
1689 8
1749 5
1355 9
1460 10
2065 8
1328 8
1355 8
1355 7
1462 9
457 6
1322 9
1422 10
2066 10
2066 9
1354 6
1945 10
1623 7
1512 10
1737 9
1630 7
1512 9
1578 8
1614 9
1398 10
1353 10
2223 5
1397 7
1397 9
1397 8
1353 9
1428 6
1342 10
1488 9
1439 10
1488 10
1609 8
1610 9
1524 9
1460 9
2036 6
2195 6
2242 6
1502 9
1503 10
1432 10
1446 9
2115 6
2115 5
2038 7
1324 8
1324 10
2036 5
1342 9
1324 9
2008 7
1611 10
1711 6
1720 6
2016 6
1697 7
1698 6
2114 7
1701 8
1716 7
1764 8
1755 7
1460 10
2027 5
2036 8
1542 8
2037 9
1469 5
1763 7
1421 10
1353 8
1353 7
2116 8
2039 10
1524 10
1536 8
1514 9
2116 9
1753 9
1465 5
1425 10
1369 10
1437 6
1423 7
1424 9
1424 8
1369 9
1354 10
1457 10
1639 8
1640 9
1510 10
1510 9
1547 9
1547 8
1537 8
2094 6
1830 6
1831 7
2093 5
1525 9
1526 10
1833 8
1744 7
1337 8
1337 10
2156 5
2156 7
2157 6
1337 9
1464 9
1356 9
2095 7
1622 7
1480 5
1449 10
2212 6
1641 10
1716 6
1727 6
1801 5
1704 6
2052 6
1726 7
1727 8
1790 7
1789 6
1758 7
1770 7
1776 6
1777 8
1478 10
2060 5
2193 5
2095 9
1369 8
1627 10
1369 7
1369 6
1402 10
1473 10
1470 5
1470 6
1470 7
1494 9
1403 9
1379 10
1484 10
1469 8
1470 9
1542 9
1579 9
1389 10
1542 10
1486 9
1689 9
1558 9
1567 8
2142 6
2141 5
1559 10
1690 8
1357 8
1378 9
1358 10
2193 6
2193 5
1357 9
1643 7
1500 5
1807 5
2193 7
1819 5
2091 6
1833 7
1832 6
1768 7
1767 6
1892 6
1891 5
1786 7
1725 6
1892 7
1894 8
2099 5
1505 9
1481 5
2141 7
2217 5
2143 9
2143 10
2235 6
1817 6
1579 10
2061 10
1401 8
1350 9
1578 8
1350 10
1439 10
1438 9
1438 8
1532 9
1533 10
1531 6
1532 8
1532 7
1860 7
1582 9
1394 10
1412 8
1602 9
1403 10
1567 10
1567 9
1528 5
1567 8
1582 8
1371 8
1583 10
1372 10
1395 9
1371 9
1647 7
1850 7
2173 6
2180 6
1820 5
1710 6
1809 5
1723 6
1725 8
1724 7
1934 6
1727 9
1934 7
1796 5
1932 5
2119 6
1630 7
1796 6
2126 5
1862 6
485 6
2172 7
2172 8
1362 9
2163 10
2173 9
1601 8
2090 10
1661 8
1687 9
1663 9
1603 10
1682 7
2099 9
1370 7
2105 8
1512 9
1510 6
1511 7
1512 8
484 5
1514 10
1649 8
1481 6
1747 8
1453 7
1416 10
1856 7
1870 6
1865 7
1847 6
1747 7
1647 6
1647 5
1467 10
2181 5
1427 8
1646 9
1726 6
2195 6
1415 9
1391 9
1390 8
1391 10
2202 6
2239 6
1714 6
1826 5
2175 10
1801 5
1878 5
1740 8
1829 6
2145 6
1830 7
1889 5
1876 7
1890 6
1646 7
1647 10
1976 6
2152 5
1818 5
1504 10
1504 9
1389 7
463 6
494 6
2196 8
2194 9
2195 7
1485 9
1379 10
1449 9
1690 7
1691 8
1431 10
1852 6
1853 7
1523 5
1659 8
1636 8
1637 9
1494 6
1838 6
1839 7
1839 8
1660 9
1658 7
1465 7
1651 8
1651 9
1583 8
1656 5
1863 7
1867 6
1840 9
1540 9
1540 10
1478 10
1836 5
1842 10
1662 10
1560 9
1618 8
1619 9
1621 10
1438 8
2206 6
2205 5
1431 9
2169 10
1996 5
1403 8
1403 9
2075 10
1660 6
2190 9
1642 7
2156 6
1872 5
1910 5
1911 6
1873 7
1571 8
1994 6
2162 5
1516 9
1517 10
2205 8
1402 7
1561 10
2206 7
1488 9
1475 9
1983 5
1435 10
1434 9
1858 5
1860 7
1858 6
1860 8
1516 5
1486 6
1464 10
1464 9
1454 7
1476 10
1530 10
1541 9
1541 10
1861 9
1403 10
2018 10
1561 9
2014 5
2015 6
1777 7
2162 10
1628 8
2202 6
2202 5
1629 9
1433 8
1648 7
2229 5
1530 9
2015 7
2016 8
2183 9
1726 6
1735 6
1714 6
1401 8
1401 7
1841 7
1839 5
1840 6
1842 8
2157 6
1776 8
2058 9
1567 8
2016 9
1515 10
1516 9
2082 10
1603 10
2242 5
1561 10
1404 9
2072 9
2161 5
2202 7
1401 6
1630 10
1440 10
1642 9
1518 5
2001 7
1488 6
1530 10
1530 9
2003 8
2003 10
2003 9
1457 7
1406 10
1562 9
1542 9
1543 10
1474 10
2166 9
1439 8
2198 6
1440 9
2198 5
1773 6
2223 5
2223 6
2184 8
1728 6
2108 8
2106 5
1735 6
1717 6
1868 6
1659 7
1861 7
1803 5
1875 5
1861 6
1860 5
2234 5
1776 8
1578 8
2105 6
2106 7
1643 8
2160 5
1514 9
1632 9
1447 7
1515 10
1564 8
1925 6
1924 5
1401 7
1631 8
1436 7
2105 10
1402 8
1401 6
1563 10
2105 9
1933 7
1455 9
1454 10
1882 5
1658 8
1883 6
1517 5
1412 10
1660 9
1411 9
1538 10
1538 9
1486 6
1552 9
1563 8
1554 8
2066 9
2163 9
1640 7
1479 10
1570 9
2145 9
1466 10
1370 9
1479 9
2142 8
1553 10
1794 7
2143 6
2143 5
2067 7
1453 7
2066 6
1455 8
2020 5
2068 10
2181 8
2200 5
2020 6
1630 7
1370 10
1658 7
1722 6
2067 8
2141 7
2066 5
1730 6
1814 5
1883 7
1800 5
1521 9
1522 10
1709 6
2200 6
1642 9
2163 5
2005 5
1935 5
1936 6
2043 5
2203 7
2166 5
1906 5
2108 10
2166 6
1479 10
2053 5
2165 7
2167 8
1563 9
2085 10
2108 9
1662 8
2107 8
1426 9
1426 10
1520 5
1548 9
1549 10
2046 5
1580 9
1681 9
1569 8
2179 8
1477 7
1477 6
1905 6
2055 6
1802 7
1563 10
2031 5
2032 6
2202 5
1632 7
1529 10
1529 9
2107 5
2107 6
1679 7
1475 8
1733 6
1370 9
1830 5
1821 5
1908 7
1806 5
2109 7
1783 7
1653 9
2046 6
2202 6
1653 8
2015 5
1946 5
1947 6
1616 10
1644 7
2220 6
2085 9
1579 8
2016 6
1449 10
1449 9
2184 5
1943 5
1932 6
1931 5
1514 10
1514 9
1807 7
1577 9
2184 6
2184 7
2098 10
1439 9
1528 5
1592 9
1706 8
1562 9
1563 10
1518 5
1511 5
1512 7
1512 6
1582 8
1540 9
1375 9
1541 10
2046 5
1438 10
2119 10
1578 10
2208 5
1651 7
1639 7
1512 8
1657 7
2070 6
2227 5
1693 7
1704 7
2135 7
2135 6
2135 5
2236 5
1707 9
1822 5
1831 5
1450 8
1686 9
1806 5
2058 5
1910 5
1910 6
1911 7
2200 7
1670 9
1668 8
2029 5
1824 7
1961 5
1491 10
1491 9
2193 5
1952 6
1951 5
1594 9
1732 7
1733 8
2193 6
1593 8
2154 9
2193 7
1575 7
2154 8
1448 10
2081 5
1607 8
1608 9
1447 9
2136 10
1575 10
2107 10
1491 8
1572 5
1573 6
1817 7
2056 5
1491 7
2140 9
2201 7
2211 5
1648 7
1595 10
2229 5
463 7
2153 5
2153 7
2152 6
1379 9
1832 5
1718 6
1732 6
1735 9
1931 6
1930 5
1685 8
1684 7
2081 6
1824 5
1972 6
1462 7
2038 5
2128 9
1379 10
1974 5
2212 6
1379 8
2057 6
2107 9
2106 8
1337 10
2150 9
1661 9
2195 5
1659 7
1547 9
1660 8
1966 6
1965 5
2195 6
1549 10
1446 10
2087 10
1446 9
2085 5
1545 5
1547 7
1545 6
1659 6
2059 5
1751 8
1824 7
2140 9
1531 5
2208 5
1547 8
2075 10
2072 5
1655 5
1750 7
2224 5
2160 8
2160 7
2160 5
2160 6
1738 6
1841 5
1832 5
1726 6
1817 5
1752 9
1496 6
1691 8
1946 6
1692 7
1948 5
1948 7
1659 10
1373 9
1538 8
2128 9
2040 5
1977 6
2153 8
1822 6
1462 7
1966 7
2086 6
1846 8
1978 5
2122 10
1465 9
1962 6
2198 5
1658 9
1943 6
2127 9
1616 9
1615 8
1796 6
1797 8
1797 7
1798 9
2198 6
1657 8
1660 10
1454 10
1454 9
1623 8
1624 9
2091 5
1655 5
2135 9
2066 5
1799 10
1794 5
1835 7
1597 8
1599 10
2166 8
1981 6
1659 7
2207 5
1567 9
1566 8
1568 10
1600 9
2113 10
2078 5
2222 5
1531 5
1834 5
1617 10
2016 6
1430 8
1977 5
1807 5
1497 6
2047 5
1832 6
1504 8
2096 10
1507 10
2092 6
2207 6
1639 7
1824 5
2093 7
2113 9
2112 8
1354 10
1953 5
2121 10
1977 5
1612 8
1612 9
2201 5
1954 7
1953 6
1459 10
1460 9
2201 6
2073 5
1821 8
1995 5
2176 6
2175 5
1996 6
1716 7
1613 10
2085 5
1575 8
1577 10
1576 9
1979 6
2235 6
2222 5
1967 6
2101 5
1732 6
1738 6
1719 6
1956 10
2209 5
1776 7
1716 8
2239 5
1773 8
2159 7
1630 10
1530 5
2066 10
2053 5
1658 7
1603 8
1953 8
2100 6
1954 9
1642 7
2101 9
2100 7
2145 9
2100 8
1495 6
2137 7
2118 8
2078 10
1600 9
1823 7
1425 10
2053 5
2054 6
2054 7
2055 10
2123 10
1948 7
1946 5
1627 8
1628 9
2147 9
2054 9
2053 8
1947 6
1331 9
1471 10
1470 8
1470 9
1347 9
1949 8
1948 9
1580 7
2201 5
2167 8
1856 6
2140 9
2235 6
2079 5
1511 7
1627 7
1950 10
2090 5
2181 7
2122 9
2201 6
2107 5
2221 5
1587 8
1588 9
1589 10
1843 7
1842 6
1728 6
1716 6
1736 6
1629 10
1841 5
1729 7
1730 8
1789 6
1875 7
1774 8
1789 7
1773 6
2243 6
2210 5
1446 7
2104 6
2105 8
2106 9
1524 5
1330 10
2029 6
2029 5
1867 6
2111 10
2110 9
2109 7
2109 6
2109 5
2119 10
1650 8
1651 9
2004 5
2032 9
1979 5
1503 10
1355 9
2031 7
1499 8
2185 6
2033 10
2032 8
2020 5
2162 8
1330 9
1344 9
2206 6
2005 6
2020 6
2221 5
1605 8
1607 10
1607 9
1739 6
1746 6
1727 6
2245 6
1652 10
1867 5
1808 6
1747 7
1748 8
1809 7
2166 7
1879 6
2236 5
1791 7
1799 7
1783 8
1786 6
1502 9
2124 9
1537 8
2144 8
1621 8
1622 9
1466 7
1543 8
1915 5
1916 6
1357 10
2090 5
2092 10
2150 8
2090 6
2091 9
2090 7
2091 8
2148 5
2149 6
1660 9
1661 8
1676 8
1677 9
2162 8
1513 9
2192 6
2023 5
1503 9
1503 10
1899 5
1900 6
1997 5
2038 5
2194 5
2058 5
2225 5
2211 6
2212 5
1676 7
1744 6
1624 7
1626 9
1626 8
1724 6
1901 7
1627 10
1829 6
1830 7
1768 7
1793 7
1775 6
2039 6
1835 5
2075 5
1812 5
1544 6
2049 5
1768 8
1778 8
1498 6
1602 6
1636 8
1488 5
1636 9
2145 7
2066 10
1762 9
1564 10
1480 5
1354 10
2117 9
2115 6
2117 10
2193 5
2162 7
2117 5
2116 7
2163 5
2164 6
2173 7
2193 6
1654 6
1918 6
1917 5
2045 5
2005 5
2098 5
1530 9
1696 8
1346 9
1338 9
2060 5
1640 8
1641 9
2031 5
2236 5
1695 6
2222 5
2210 5
1686 6
2032 6
1697 9
1830 5
1746 6
1841 5
1843 7
1842 6
1639 7
1780 6
1826 6
1797 7
2046 6
1579 5
2078 5
1642 10
1536 5
1638 6
1511 8
2105 5
1510 5
1582 9
1511 6
1511 7
1514 10
1580 8
1917 7
1551 5
1697 7
2246 6
1349 10
2132 9
2191 5
2131 8
2131 7
2131 6
2129 5
1827 6
2170 5
2171 6
2191 6
1655 9
1654 8
1933 5
1934 6
2098 5
2009 5
2125 9
1658 5
2037 5
2048 5
1706 8
2231 5
2218 5
2208 5
1689 7
2037 6
1340 9
1935 7
1835 5
2171 7
1845 5
2108 5
1748 6
1716 9
1712 6
1714 8
1819 5
1713 7
2061 5
1693 9
1792 7
1652 6
1653 7
1791 6
1853 7
1852 6
2051 6
1561 8
2078 5
1705 7
1559 5
1560 6
1916 7
2124 8
1599 7
1602 9
1600 8
2123 7
1588 8
1317 10
2113 10
2145 8
2178 5
2178 6
2193 5
2143 5
2143 6
1717 8
1673 8
2193 6
1950 5
1951 6
1673 9
2234 6
1716 7
2101 5
1339 9
2017 5
2127 9
2217 5
1932 5
2056 5
2044 5
1736 5
2146 7
1644 6
2229 5
1648 10
1806 6
2208 5
1326 10
1707 7
1708 8
2112 9
2129 5
2111 5
1641 5
1840 5
1934 6
1644 7
1645 8
1683 9
1846 6
1850 7
1807 7
1290 9
1290 8
1681 7
1859 7
1670 6
1866 6
1866 7
1671 7
1813 5
1644 9
1920 6
2095 9
2018 6
2239 5
2155 8
2186 5
2113 10
2186 6
2136 9
2131 8
2195 5
1805 8
1804 6
1804 7
2155 5
1806 9
2195 6
1950 6
1949 5
2132 5
2026 5
1807 10
2053 5
2217 5
1802 5
2106 5
2229 5
1968 5
1969 6
2209 5
1937 5
1938 6
2140 8
1664 7
1665 9
1664 8
1667 10
1662 5
1337 9
1844 5
2115 5
1824 7
1865 6
1867 7
1283 9
2107 9
2123 5
1663 6
1880 6
2159 7
1315 8
1284 7
1347 8
2237 5
2093 9
2054 6
1838 5
1281 8
1819 5
2084 5
462 5
2063 5
1951 7
2041 5
1348 9
2157 8
1957 5
1348 10
2138 9
2115 10
1957 6
1716 7
1340 9
2164 7
2190 6
1821 7
1820 6
1822 8
2164 5
1822 9
1968 6
1966 5
1959 8
2135 5
2167 6
2197 6
2188 5
2061 5
2034 5
1956 7
1960 10
1984 5
1985 6
2074 5
2210 5
2110 5
1714 8
1726 7
1731 8
2090 10
2118 5
1958 9
2200 5
1277 9
1277 8
1277 10
1809 6
1810 7
2076 10
1811 8
2135 7
2126 5
1718 9
1825 10
2119 8
1715 6
1748 7
1278 7
2111 9
2119 9
1347 8
2093 9
1713 5
1752 8
2063 5
2158 8
2140 9
2065 10
2117 10
2064 8
2143 8
1957 5
2175 5
1957 6
1958 7
2064 9
2063 7
1314 9
2062 6
1961 8
1340 9
1961 9
2073 5
2084 5
1768 8
1962 10
2215 5
2118 5
1894 5
2134 8
2126 5
1858 7
1270 10
1271 8
1271 9
1838 6
1839 7
1767 7
1872 7
2094 9
2141 7
1910 5
1912 6
2076 10
1743 6
1350 8
2087 10
1267 7
2198 6
1854 6
1867 10
2119 9
1816 5
1819 8
1270 6
1817 6
2101 6
1818 7
2165 6
1820 9
1793 6
2127 9
1791 5
1794 7
2159 8
1304 10
1324 9
2112 10
1343 10
2110 6
2111 8
2142 9
2120 10
1344 9
2032 6
2031 5
1304 9
2109 7
2136 5
2122 5
2174 6
2173 5
2034 9
1866 6
1995 6
1994 5
2175 7
2033 7
2035 10
2035 8
1756 7
2009 5
2010 6
1973 5
1974 6
1344 8
2196 6
2196 5
2209 5
1867 7
2161 7
1251 8
1251 9
1856 5
1857 6
1858 7
1251 7
1885 6
1886 7
1778 8
1774 7
1859 8
1898 6
1251 6
1910 10
2123 9
1917 5
1918 6
1249 10
1357 10
1740 7
1907 5
1738 5
1357 9
2065 10
1308 10
2162 8
2146 8
2146 7
2146 6
2146 5
1351 9
2185 6
2085 10
2183 7
2084 5
1339 9
2084 8
2084 9
1914 6
2184 5
1325 10
1886 6
2084 6
2085 7
2027 5
2018 10
2028 6
1870 8
1869 7
1868 6
1867 5
1871 9
1990 5
2012 5
1885 5
2231 5
1351 8
2013 6
2205 5
2216 5
2241 6
2058 5
1887 7
1239 9
1239 8
1240 7
1239 10
1240 6
2170 7
1871 10
1915 5
1991 6
2174 6
1241 5
1936 5
2040 6
1366 10
1888 8
1918 9
1307 7
2168 6
2066 5
1949 7
1303 10
2038 5
1350 10
2164 5
2165 6
2186 7
2038 6
2114 6
2162 7
1774 8
1771 5
1772 6
1616 9
1617 8
2040 7
2041 9
2041 8
2189 5
2189 6
2116 5
1754 7
1755 8
1773 7
2116 8
1350 8
1618 10
1615 6
1614 5
1616 7
1303 8
1776 10
2102 5
1774 9
1647 8
1646 7
2207 5
1324 10
1215 7
1215 6
1214 8
1214 9
1214 10
1649 9
1626 7
1751 9
2094 5
1352 9
2206 6
2119 9
1738 5
1215 5
1303 7
1350 7
2042 10
2062 5
2046 6
1386 8
1734 7
2164 8
1385 9
2126 5
2183 6
2142 8
2142 5
2126 6
2127 7
2142 6
2183 5
1357 9
1304 10
2198 6
2125 8
2146 7
2197 5
2223 5
1357 10
1305 9
1304 8
2215 5
1715 6
1714 5
1719 10
1716 7
1717 8
1718 9
2236 5
1765 5
1769 8
1768 6
1182 5
1181 6
1181 7
1180 8
1815 5
1356 7
1818 8
1304 7
1767 7
2127 9
1816 6
1888 5
1890 7
1402 8
1377 10
1891 8
1401 9
1890 6
1892 9
1893 10
2128 10
1400 10
2242 5
1304 6
1357 6
2246 7
2183 8
1192 6
1192 7
1190 10
1191 8
1352 9
2200 5
1309 10
1367 9
1367 10
1336 10
2232 5
1907 6
2225 5
1351 8
1309 8
1907 7
1905 5
2245 5
2196 6
1941 9
1909 9
1367 7
1910 10
1125 6
1123 10
1123 9
1124 7
1124 8
1125 5
2199 7
2166 7
2166 8
2166 6
2165 5
1413 9
1427 9
1415 10
1426 10
1906 8
1429 7
2167 9
1248 5
2225 6
1308 6
1982 9
1982 10
1979 6
1978 5
1981 8
1980 7
1181 5
1179 9
1180 6
503 6
1180 8
1178 10
2167 10
503 5
1180 7
1431 6
1231 5
1251 10
1262 10
1391 10
1353 9
2217 6
1334 9
1320 10
2216 5
1366 8
2246 5
1383 10
1384 9
1383 8
2239 5
459 5
1318 8
1321 7
1383 7
1105 7
1104 9
1107 5
1105 6
1103 10
1105 8
1026 5
1024 8
1022 10
1025 6
1023 9
1024 7
2194 6
2195 7
2193 5
2195 8
1383 6
2217 7
2076 7
2076 8
2076 5
2076 6
2078 9
1383 5
511 5
2078 10
1470 10
2246 7
2195 9
1172 5
2238 6
1170 7
1400 10
1171 6
1170 8
1169 10
1254 10
1316 5
1170 9
1266 10
1349 10
1334 8
502 6
1139 7
1397 7
1385 9
1376 9
1421 9
1420 8
1412 8
1434 10
478 5
1390 10
1362 10
1434 9
498 5
1435 8
1434 7
1413 10
1097 9
1100 6
1099 7
1578 10
1359 8
1578 6
1581 9
1359 9
1359 7
2239 5
2239 7
2239 6
1364 6
1585 8
2237 8
1434 6
2168 6
2169 8
1359 5
1510 5
2167 5
2169 7
1513 10
1433 5
1596 5
1586 7
1507 8
543 5
457 7
1558 5
1556 10
1357 6
1297 10
1285 10
1503 7
495 6
2170 9
1543 7
1184 9
1184 6
1183 10
1184 7
1544 8
1184 8
1185 5
535 7
1474 10
1473 8
1439 10
496 5
1461 7
1425 9
1411 10
1477 9
506 6
507 5
518 5
1490 7
1491 8
1492 9
1092 6
1410 7
1411 9
1411 8
1809 5
1493 10
1091 10
1785 10
1805 6
1794 8
1490 6
1460 9
1461 10
1091 7
1801 7
1467 10
1088 9
1793 9
1489 5
480 5
480 6
480 7
1327 9
1339 9
1773 5
497 7
1409 5
2226 6
2226 7
1792 5
479 8
2227 8
1409 6
1605 9
1590 5
1597 7
1326 10
1339 10
1610 10
1498 6
1500 8
1502 10
1500 9
1628 10
1636 9
1163 9
559 5
559 6
1551 9
1551 10
1549 7
1497 8
1109 8
1109 9
1108 10
1550 8
1539 7
566 6
1497 10
1885 9
1496 7
1914 6
1900 8
1941 8
1988 7
1110 6
579 5
587 5
578 6
1495 6
1111 5
1953 9
1128 8
1494 5
1539 9
1533 10
1540 10
1573 8
1574 9
1572 7
1408 9
1398 9
1127 10
545 5
545 6
544 7
1524 9
1537 8
590 6
1880 6
1881 7
1579 10
1397 10
1411 10
1585 6
559 7
1586 8
1587 9
1876 5
653 7
1585 5
654 6
497 5
1586 7
496 7
1589 10
1582 9
1604 7
1618 6
1605 6
1581 8
616 6
615 7
617 5
1621 9
1619 8
624 7
1139 8
1138 10
1139 9
1619 7
1651 9
630 6
630 5
1640 9
1140 7
1622 10
1579 6
1650 8
1648 6
1650 7
2057 6
2029 6
2060 7
1578 7
1638 8
2075 7
1141 6
2092 7
652 6
653 5
642 6
1577 5
691 5
1651 10
1140 5
1480 8
1472 8
1641 10
1918 10
1604 9
1603 8
674 6
1596 9
1923 9
1990 10
1472 10
1471 9
1483 9
1483 10
595 5
594 7
595 6
1180 9
547 6
546 7
1676 9
1675 8
1725 8
733 7
1723 6
1712 7
1713 8
668 6
1691 8
1692 9
1711 6
667 5
1689 6
1690 7
1726 9
1673 6
665 7
685 6
687 7
1166 8
688 5
1167 7
1672 5
1674 7
1166 9
1162 10
731 8
2168 5
2169 6
1167 6
2177 6
2184 5
710 6
711 5
2142 7
699 5
730 9
1167 5
1677 10
2171 7
1728 7
1568 10
1559 10
1567 8
1558 8
694 6
2004 7
676 7
1729 10
1567 7
1556 7
1558 9
1569 9
729 10
1705 10
644 7
1993 6
1746 10
1175 10
594 7
1804 7
1802 5
1802 6
1786 7
717 6
688 6
690 5
698 6
1785 6
1784 5
742 7
1805 8
1194 10
743 6
716 5
686 7
745 5
1776 5
1778 7
1777 8
1777 6
1195 7
1194 9
1269 9
1195 8
1269 8
740 9
2219 7
1780 9
2234 7
1806 9
2238 5
1620 7
1611 7
1612 8
1670 9
1658 6
1667 6
1659 7
1671 10
1659 8
1661 9
702 5
1217 6
1621 8
1195 6
1227 9
1195 5
1669 7
1670 8
1232 10
1227 8
1623 9
1612 10
1611 9
1627 10
1228 7
1209 10
687 8
1224 5
725 6
724 7
723 8
740 6
1190 7
724 5
738 7
1204 9
1191 6
738 5
2174 5
2198 6
2230 6
1189 10
1204 10
1191 5
734 9
1204 7
738 8
1753 9
1350 8
1739 5
1749 5
1743 9
1741 8
1897 6
1899 8
1207 8
1898 7
1896 5
1753 8
1751 7
1752 6
1739 6
1738 7
1185 9
1259 5
1199 5
1186 8
1277 9
1277 8
1277 7
1289 10
1205 6
734 10
1801 5
667 7
668 6
669 5
1886 10
1939 8
1802 6
1431 7
1432 8
1806 9
1430 6
1432 10
1431 9
1332 7
1900 9
1212 9
1373 8
1194 7
1309 10
1195 6
1373 9
700 9
1869 8
701 7
1860 8
1859 6
703 5
702 6
700 8
1979 6
1980 7
1978 5
1193 9
1857 5
2203 5
1859 7
1869 7
1087 5
1086 7
1083 9
1213 6
1083 10
1293 8
698 10
1084 8
1293 6
1868 5
1293 9
1869 6
1293 7
831 10
1556 7
847 10
903 6
848 7
833 6
831 8
845 8
829 9
834 5
832 7
900 9
903 8
1372 7
1556 5
1558 9
1582 6
1195 5
1980 8
1084 6
1981 9
663 6
1982 10
662 7
664 5
1378 6
639 8
1221 6
640 6
641 5
639 7
2071 9
2071 8
2071 5
2071 6
639 9
638 10
2072 10
1328 10
2071 7
1196 10
1319 7
1196 5
1319 8
1276 10
1221 5
1319 6
1294 9
1310 6
1310 8
1197 8
1353 6
1224 8
1361 6
1329 9
1309 5
1309 7
2171 5
1238 7
910 10
913 5
913 6
911 8
912 7
910 9
1197 9
1400 6
1400 8
1400 5
1192 7
1166 10
1167 8
1167 6
1403 9
1339 6
1166 9
1228 10
1229 9
1165 5
1167 7
1424 8
1428 10
1413 10
1134 9
1319 5
1171 9
1368 8
1388 9
1169 7
1189 9
555 8
556 5
556 7
1156 8
1159 6
1190 6
1190 7
557 6
2133 5
2133 6
1315 10
1157 7
1385 6
1169 8
1159 5
2134 10
2133 8
2132 7
1304 7
556 9
1153 9
554 10
2131 9
1152 10
1304 9
1293 9
1292 7
1191 5
1177 6
1170 10
1258 10
1292 6
1293 8
2119 9
1385 5
1292 5
1212 10
1170 6
1304 6
1239 10
572 6
572 8
1306 10
777 8
779 6
775 10
776 9
780 5
1398 7
925 8
731 10
732 9
735 5
733 8
733 7
1123 9
1391 9
1390 8
1391 10
1366 9
1366 10
1366 8
1390 7
1143 7
2169 5
514 6
513 7
2169 7
2169 6
514 5
513 8
2170 8
1367 7
1140 8
1122 5
1124 6
1125 7
486 9
1392 6
1122 10
1304 9
509 9
1304 10
1240 10
1165 5
1297 7
2209 9
1280 7
2211 10
1390 5
2239 10
513 10
1296 10
1296 8
1296 9
1283 8
1283 9
1283 6
1167 9
1280 10
1412 8
1280 5
2246 5
1224 10
1156 6
1190 10
1297 6
2169 10
1132 6
1408 6
1168 6
1169 7
1154 7
1132 7
1409 9
1401 10
1122 8
1141 8
1377 8
1087 9
1086 10
1409 7
1115 10
1116 9
1381 7
1123 6
1378 9
499 7
500 5
2195 7
500 6
2196 6
1087 5
1088 8
1089 6
2195 5
497 8
2198 8
1099 8
1144 5
1408 5
1117 7
1410 6
1141 9
1415 8
1377 10
1286 10
1309 9
1142 6
1376 6
1082 7
1316 10
1300 6
1299 9
1299 8
1317 9
1281 7
1282 5
1282 6
1282 8
1282 9
1439 7
1140 10
1133 6
1176 10
1219 10
1249 10
1435 8
1436 9
1436 10
1437 5
1118 5
1300 5
1425 9
1424 8
1091 10
1093 9
1094 8
1167 10
1490 7
1142 10
1119 9
1149 9
1095 7
1447 9
1449 10
1097 6
464 5
542 7
464 6
543 6
465 7
1170 9
1471 5
1494 8
1096 5
1489 5
1170 6
1171 8
1171 5
1147 5
1188 6
1188 8
1491 6
1121 10
1533 6
1510 6
1445 6
1495 9
544 5
1496 10
1369 8
1369 10
1369 9
1126 8
1357 10
1357 8
1357 9
1377 7
1357 6
1459 7
1335 9
1335 8
1335 7
1481 7
1333 5
1535 9
1267 10
1334 6
1535 7
1536 10
1158 6
2246 5
1159 5
1213 10
1077 9
1150 10
1110 9
1561 8
1177 10
1178 9
1080 5
1509 9
1510 10
1508 7
1151 7
1178 8
573 6
505 7
505 6
506 5
1219 8
1078 6
1429 10
1625 10
1072 10
1516 8
1074 8
1586 5
1675 8
1677 10
1676 9
1589 8
1199 8
573 7
1590 9
1179 7
1153 6
1094 8
1120 8
1591 10
1529 7
1622 7
1182 5
1675 6
1548 6
1421 7
1421 9
1421 8
1203 5
1677 7
1216 5
1672 5
1129 10
1143 6
1587 7
1614 10
1644 9
1409 5
1534 6
1409 7
1410 8
1429 8
1411 9
576 5
1089 10
1124 10
1090 9
1213 10
1172 9
1091 8
1260 8
1113 10
1094 5
1140 9
1241 8
1142 10
1191 5
1584 10
1584 9
1582 7
1149 10
1566 6
616 6
617 5
555 5
555 6
616 7
1567 9
1578 6
1744 10
1092 7
1492 10
1599 7
1820 9
1743 9
1819 8
1817 6
1658 10
1817 7
1163 9
1697 7
1213 7
1741 7
1740 6
1742 8
1817 5
1822 10
1629 8
1489 9
1154 8
1242 5
1215 5
1589 6
1177 8
1117 8
1213 6
1610 6
1599 6
551 7
1261 5
1435 9
1479 7
1479 8
1480 9
1244 10
1233 10
1244 9
1184 10
1195 9
1233 8
1264 10
1265 9
1235 5
1205 9
1655 8
1654 10
1656 9
1654 6
1171 10
1636 6
662 5
661 6
604 6
604 5
605 7
1148 9
1556 10
1130 5
1638 9
1938 8
1636 7
1750 10
1663 6
1681 5
1551 8
1682 6
1674 7
1264 7
662 7
1701 6
1849 9
1635 8
1637 10
1928 8
1549 7
1264 8
1200 10
1255 8
1209 10
1648 6
1150 7
1937 10
1114 8
1554 9
1713 6
1118 5
1835 10
1170 7
1546 5
1712 7
1727 5
1632 5
1615 5
1924 5
1289 10
1180 8
1289 9
1279 9
1176 7
2001 6
2036 10
1280 7
2027 8
1637 5
1639 7
1639 6
2002 8
2002 7
2000 5
1244 10
1291 7
2024 7
2036 8
1278 8
2024 6
1279 6
1279 5
1177 6
1315 10
1225 10
1998 10
1628 8
1972 10
1177 5
1725 10
704 6
705 5
1968 6
2023 5
650 5
648 7
649 6
1313 7
703 7
1715 10
1621 10
1728 8
1620 9
1719 6
1313 8
1708 9
1966 5
1703 5
1786 5
1707 8
1708 10
1704 6
1228 9
1968 8
1705 7
1316 9
1758 6
1352 7
1947 8
1332 10
1347 10
1171 7
1334 9
1344 9
1226 8
1333 8
1375 10
2062 7
2062 6
2061 5
2044 7
2045 6
2044 5
1373 9
2076 7
1302 10
2076 5
1346 6
1334 6
1346 7
1334 7
2075 6
2075 8
2062 8
1658 8
1153 7
1720 7
2042 8
2117 9
2091 7
2086 5
2088 6
1331 5
1773 7
1283 10
1806 9
745 5
1372 7
2044 9
742 7
690 7
1793 9
1182 7
744 6
743 8
1787 9
1785 8
1783 6
1653 10
1703 8
1372 8
1374 5
1703 9
2105 6
1356 5
1454 6
2034 9
2034 8
711 8
1426 10
1362 9
1409 10
1408 9
1420 9
2152 7
2151 6
2152 5
2127 8
2126 7
1408 8
2137 5
1423 6
1361 10
1423 7
2172 8
2178 6
1373 9
2188 7
1407 7
1420 5
1474 8
1406 5
1343 10
1841 5
1454 10
2160 5
2162 7
2162 6
2170 6
2170 7
1476 10
1272 7
1395 10
1738 7
777 7
729 8
1216 8
777 8
780 5
1319 8
1215 6
1890 8
779 6
1268 5
1225 8
1334 8
2010 8
729 6
1882 8
729 7
1879 5
1226 6
1994 8
1391 9
1881 7
2101 8
2011 9
1474 6
1473 5
1292 10
1564 10
1562 8
1291 9
1337 8
1600 8
1386 10
2189 7
2176 8
2176 7
1599 10
1697 8
1295 7
1718 9
1734 9
2221 7
2220 8
1732 7
1306 9
1816 9
1759 9
1202 8
735 8
1368 10
1396 9
1295 6
2205 7
726 8
1736 10
1733 8
1621 9
1190 7
768 8
1221 8
768 7
770 6
771 5
1290 5
1221 7
1221 6
729 6
2198 7
1662 6
1851 6
1198 6
1238 10
1239 9
1346 9
1486 10
1640 7
1426 9
726 7
1278 5
1943 7
829 8
1277 9
1612 7
833 5
832 6
2198 6
1248 9
1246 10
1224 10
1282 8
1824 9
1816 5
1334 10
998 5
1042 6
2127 8
1863 9
1229 7
2156 7
1094 7
1002 7
1379 10
1858 5
1345 9
1803 9
1530 6
2138 8
1102 7
1725 8
1723 5
1726 9
1540 6
1518 10
2037 5
1230 6
574 7
569 9
572 6
2024 8
1293 9
1128 8
1127 10
998 6
2028 9
1102 5
2030 6
1726 7
1442 9
1379 9
1729 10
1129 6
2010 7
1126 9
1102 6
1223 5
567 10
1223 9
1546 7
2017 10
1799 5
1724 6
1424 9
572 8
1207 5
1166 6
1308 8
1134 9
1267 9
1156 8
1249 10
1531 8
1148 7
1630 8
2018 5
1132 8
1292 10
978 6
1448 10
1023 8
1023 10
1024 9
1025 7
1447 9
1282 9
1612 8
1075 7
1134 7
1476 7
481 7
479 8
480 6
993 6
1241 10
1027 6
2002 8
1073 10
2000 5
1355 8
1075 9
477 9
2003 10
1587 6
1506 8
1078 5
2060 6
995 5
1564 7
1190 7
1482 8
1077 6
2044 7
1746 10
1076 8
1325 7
1745 9
1743 7
477 10
1330 10
2019 8
2062 7
2018 7
1136 6
2046 8
1744 8
1310 9
855 6
1065 9
1065 8
1091 9
1185 10
1151 8
1064 10
1077 8
2021 8
1166 10
971 7
1196 9
1487 8
920 9
921 8
923 6
919 10
923 7
1030 9
1231 10
971 6
2022 9
2220 8
2188 7
984 6
2245 7
1088 6
2020 6
1051 9
2013 7
1092 7
887 5
1382 10
1252 9
1069 6
2016 10
2004 9
2001 7
1284 8
1416 7
992 7
924 5
719 5
2003 10
1618 7
1223 9
2217 9
1621 10
1620 9
1509 7
993 8
991 10
1149 9
1301 10
1505 9
1489 9
2020 5
2016 9
1475 8
1379 9
2011 5
1071 9
1206 10
1071 8
1111 10
911 6
894 9
861 9
860 10
1167 8
906 9
909 7
1193 10
909 8
912 5
1218 9
1254 10
899 5
901 6
2137 8
2137 7
900 7
1066 10
1421 10
1420 9
1746 10
1159 8
2137 5
1106 6
1110 7
2113 8
1594 6
2113 9
1419 8
2110 5
2112 6
2137 9
1545 7
960 10
962 7
961 9
962 8
1082 7
898 8
1773 10
1676 7
1678 10
2099 8
2099 6
2099 7
2098 5
962 6
2113 7
1071 6
2099 9
1680 9
1461 6
1152 10
2100 10
2115 10
1601 5
1274 10
929 9
930 8
1174 8
937 9
926 7
925 10
1206 8
926 6
1494 9
900 5
1235 8
899 7
899 6
897 8
897 9
896 10
823 5
855 5
1285 9
1262 10
931 5
940 10
1953 10
1177 9
2214 7
1322 9
2193 5
2195 7
1496 5
1495 10
513 8
513 7
513 6
2194 8
2212 6
1322 10
2214 8
2198 6
1009 7
1010 6
1009 8
1007 10
1695 6
1133 6
1169 6
2178 8
2178 6
2178 7
2178 5
2204 9
2178 9
2192 9
1377 7
1226 8
2213 5
1622 6
1176 7
1629 6
1007 5
1187 10
1232 10
1303 9
1216 9
1203 9
1338 10
979 5
972 9
959 9
1287 8
1261 8
1233 9
974 10
971 8
962 8
962 6
961 7
975 6
1211 8
932 10
936 6
964 5
935 7
959 10
973 7
1383 10
468 9
1235 8
1322 10
1348 9
2028 9
459 6
934 8
933 9
1234 7
1187 7
784 7
748 7
771 7
778 6
1560 9
1561 10
1559 8
1052 9
566 8
1053 8
567 7
1054 7
567 6
1052 10
1705 7
1086 7
473 7
743 6
1382 9
2240 8
2241 7
1441 7
1001 5
2240 6
1423 10
1321 10
1267 10
1320 8
1014 8
1013 9
1015 10
1000 8
999 9
1019 6
1020 5
1282 9
831 7
844 7
999 5
1381 8
984 7
984 6
830 5
1434 9
1350 8
1295 8
998 6
1350 7
1320 7
862 6
832 6
1269 7
843 6
1474 9
797 6
1831 8
1118 8
1118 7
1116 10
1117 9
1659 8
1660 9
1787 9
1657 7
1544 8
640 8
640 7
547 7
558 9
642 5
641 6
547 5
2040 8
801 8
894 5
799 7
795 5
903 5
2008 8
2062 8
1661 10
551 10
537 8
537 7
1379 9
1498 10
1399 10
1344 10
1428 8
1043 8
1042 9
1046 6
1042 10
1044 7
1511 9
972 6
973 5
963 6
1646 10
1427 7
1517 8
1520 10
1172 8
1171 9
1557 8
1452 8
1343 7
1528 10
1490 10
2024 7
1753 9
2094 7
1775 9
614 8
1559 9
1750 7
1752 8
613 9
1023 7
2013 7
1747 6
709 7
1474 9
710 6
711 5
709 8
708 9
959 5
1398 7
1921 7
1627 7
1932 7
1137 6
2130 7
1387 6
479 8
1833 8
600 8
1752 10
1628 5
930 5
1645 8
2149 8
1023 6
1574 10
1593 9
1429 10
1077 10
1077 9
1074 8
1487 10
1740 8
1739 7
1741 9
1550 7
1600 10
1601 8
1611 10
1239 8
1482 6
2188 7
1015 5
977 8
989 8
969 6
951 8
1430 6
1004 8
1487 9
1615 9
1577 9
1238 9
676 10
1608 7
2221 7
1848 5
1854 8
1622 9
1286 7
1285 8
1867 8
1651 7
1653 8
498 9
2119 7
1517 6
1851 6
1852 7
686 6
1855 9
682 8
535 8
774 8
521 8
775 6
774 7
776 5
1015 6
1483 7
773 9
1549 6
1212 6
1451 7
607 9
1513 9
1662 9
1674 8
1112 8
1114 5
1110 10
1633 6
1306 8
1306 7
1685 9
1653 8
1682 7
1654 9
1112 7
1564 10
1828 9
1694 9
1825 7
1514 10
1827 8
1599 6
1939 7
1557 5
1933 5
1562 6
1306 9
1511 5
1520 6
566 8
1565 7
1938 6
2197 7
1780 6
1940 8
1736 7
830 8
641 9
832 6
828 10
832 5
829 9
1528 9
1600 5
1791 6
511 8
1825 5
580 8
1723 6
1307 10
1371 7
1626 7
2184 7
493 8
667 10
728 6
1732 6
1685 6
1623 10
641 10
749 8
1592 9
1590 8
1636 9
1737 8
1592 10
1739 5
1635 7
1601 9
1711 9
1756 5
1904 7
1809 6
1151 7
1749 7
1723 8
1374 9
1375 7
1373 6
1376 10
462 6
1757 6
1759 8
621 9
1746 9
1588 5
1605 10
1637 10
1757 9
1902 5
1699 5
1903 6
1769 8
1673 5
1741 7
2014 7
1362 6
1148 10
462 7
1633 5
2013 6
2013 5
1906 8
691 9
1150 6
677 9
1811 5
569 8
2071 6
873 10
769 10
1677 8
768 9
1868 5
623 8
1894 7
1691 6
1798 5
1094 6
2170 6
553 8
1686 8
1711 8
1658 9
1609 9
1603 7
1645 7
1684 6
1762 5
1800 8
1711 9
1684 7
1657 7
1608 10
1628 10
1708 6
1985 7
1659 10
1688 10
1826 5
577 7
591 7
1682 5
1818 7
1891 6
568 7
778 9
1799 5
1826 8
1808 7
1828 6
1891 5
1836 8
2118 6
2088 6
1973 6
1789 7
1834 5
512 7
1493 6
1487 9
1483 7
828 6
1953 6
880 5
781 6
878 6
782 5
779 7
780 8
707 9
1183 6
1985 6
1111 10
1105 6
1096 7
2087 5
1661 8
2088 7
1683 9
605 8
1785 6
1785 7
1836 7
1834 5
858 9
810 9
2019 6
1991 6
1783 5
1980 6
1986 7
2006 7
1986 8
799 9
1853 6
1838 8
1785 8
1980 5
1838 9
862 5
2019 8
2040 6
1785 9
1861 7
816 5
2008 8
596 7
1874 6
639 9
861 6
1854 7
577 7
2042 7
2132 6
805 7
1947 5
805 6
531 6
1884 7
641 8
1881 5
745 8
1993 9
608 7
641 7
609 6
609 5
862 7
641 6
744 9
1891 7
808 10
1838 10
2131 5
1788 10
522 6
797 8
789 7
863 8
747 7
1991 7
2069 5
2068 7
2083 6
566 9
2000 9
2056 7
2045 6
2062 5
523 5
522 6
584 7
579 5
502 5
2070 6
532 7
2044 5
533 6
533 5
2083 5
1994 10
2152 6
2164 6
578 10
552 9
465 5
1061 6
2081 7
1457 5
1471 5
1120 10
1494 5
1121 8
1120 9
1143 5
469 6
1417 6
465 7
1046 6
1421 7
1773 10
1986 5
1987 6
1772 8
2102 7
1069 5
1443 10
2108 7
1101 7
1101 6
1441 9
1398 5
1149 10
1439 6
1773 9
1911 8
1143 6
1691 10
1415 5
1689 8
2083 7
466 6
2083 8
2189 6
484 5
2099 6
483 6
2234 6
483 8
2170 5
2083 9
485 7
484 9
2084 10
468 5
537 10
484 10
564 10
1361 5
1370 6
1022 9
1022 8
1369 7
1023 7
2245 6
1394 5
470 7
1399 10
1052 5
1048 7
1393 9
1056 9
1394 6
1051 6
1397 7
1059 10
1004 5
1370 9
1363 10
1405 10
2178 6
1406 5
1002 6
2217 7
1178 6
1193 6
925 5
1048 8
2083 6
1361 6
975 9
1359 8
1414 9
592 7
1061 6
1060 5
976 8
976 7
1357 9
1152 5
2143 6
2142 7
475 7
2142 8
475 8
477 6
2143 9
1904 10
1942 10
505 9
474 9
1893 10
541 9
2047 10
2060 10
2143 10
2185 5
2105 10
505 10
980 9
529 10
1381 5
1011 7
1384 6
1025 9
2193 6
2180 6
477 10
480 5
1017 6
1018 5
1151 5
980 8
1016 8
1384 7
981 7
1418 10
1411 9
1412 5
1367 5
1413 6
1380 9
1408 8
1381 8
1426 10
961 6
963 5
1169 5
1375 10
1022 7
1029 5
1417 7
1433 6
998 9
1367 8
1368 10
1037 7
1033 8
1435 9
1126 5
2147 5
2146 6
2147 7
2227 6
2246 6
2244 7
2147 8
2245 8
467 8
2039 9
2188 6
2147 9
2118 9
2199 6
467 9
2196 5
2245 9
2118 10
491 9
2147 10
2186 10
1938 10
1370 5
2203 5
950 5
954 9
954 8
1371 6
1413 10
905 8
905 7
944 7
1406 9
1403 8
906 6
2164 6
1399 7
961 9
1407 5
1364 9
960 8
1365 8
1425 10
888 5
1355 10
963 5
971 6
1439 6
1348 10
1345 6
1430 6
1409 6
864 8
1428 9
1438 8
1345 8
862 6
1064 5
1345 7
1345 5
2224 7
496 7
2225 8
497 8
518 8
2023 9
2198 9
2224 9
518 9
496 9
499 6
469 7
2021 10
2198 10
542 9
1463 5
991 8
995 9
991 5
2227 10
944 8
1471 8
1464 6
943 7
1484 9
1423 5
1483 10
945 6
2246 8
1426 6
1002 9
1469 7
1425 9
2237 10
1427 7
1426 8
1003 8
1497 10
1477 5
1003 5
1494 9
2246 10
1416 10
927 5
1406 6
554 8
1205 6
1406 7
1499 5
1406 10
2246 7
1405 8
994 6
1507 5
1407 9
901 8
1107 5
1400 5
1504 8
901 7
577 5
577 6
576 7
513 8
544 5
577 8
544 7
597 9
513 9
576 9
2116 9
2205 5
2221 7
2211 6
2231 8
488 9
512 10
486 10
544 10
550 10
2136 10
1075 9
568 10
1067 5
1063 6
1064 8
1565 7
1019 9
1579 9
1020 7
1020 8
1558 5
843 5
1582 10
1518 6
1563 6
1518 7
1517 8
1592 10
1081 5
2246 9
1508 10
850 5
1517 5
1086 6
1510 9
1593 9
1502 9
1003 5
1591 8
1584 8
1003 6
1072 7
1497 10
983 9
1185 5
1496 5
1496 6
1574 5
564 7
591 7
592 5
592 6
652 5
591 8
650 8
650 7
651 6
625 7
650 9
590 9
565 9
2197 9
670 10
564 10
589 10
650 10
722 5
693 10
669 9
1135 7
939 5
1147 9
1148 10
949 5
1141 6
1094 9
1154 10
1095 8
1159 6
1137 8
1665 9
626 8
1653 7
1094 7
916 5
1154 9
1649 6
606 5
1600 7
1589 10
1602 6
1589 9
2245 9
1679 9
923 5
1677 8
2240 10
1075 6
1597 8
1166 7
1077 5
1581 9
1667 8
1581 10
1578 6
709 9
1578 5
983 5
1261 5
708 5
707 6
705 8
727 5
703 7
764 5
621 9
763 7
705 9
746 7
521 8
512 8
740 8
642 9
782 10
760 10
704 10
514 9
679 10
827 5
558 10
767 6
765 9
1263 10
1248 8
1252 7
1048 5
1255 6
1788 7
1254 9
1270 10
1775 6
1208 10
1209 8
1208 9
1026 6
1148 5
1029 5
1788 8
723 7
1270 6
1771 5
1722 6
1722 5
1720 7
1711 8
1713 9
1802 8
1800 7
1189 7
752 8
1277 9
1192 5
824 6
1702 8
1035 6
1701 9
1700 5
1262 8
1037 5
762 8
763 7
762 9
823 5
820 8
620 9
821 7
786 5
795 5
821 9
819 10
847 10
635 9
839 10
734 10
803 8
570 9
812 6
762 5
893 6
1034 5
810 9
577 10
1040 5
980 5
1108 6
1322 10
1118 6
1309 8
1310 7
1313 9
1208 5
968 5
1314 6
1329 10
779 8
1852 8
1267 10
1849 6
1267 8
1267 9
1832 5
1847 7
814 5
757 10
1086 5
1085 6
1107 5
1858 8
1773 7
1782 5
1329 6
1772 8
1089 7
1862 7
1782 6
1250 5
1095 6
1336 9
1249 6
833 9
834 7
855 6
832 8
922 5
922 6
918 10
919 9
831 10
868 5
786 5
922 7
661 9
766 10
642 9
832 6
874 9
885 9
812 5
923 8
948 7
770 5
639 10
883 7
875 7
857 5
1118 5
848 8
1184 6
1401 10
1106 5
1196 6
866 6
1387 8
1392 9
1042 5
1392 6
1388 7
832 5
1081 5
1284 5
1346 10
1925 6
1346 9
1202 5
1345 8
1163 7
1915 5
1409 10
1927 7
1163 6
846 5
1398 8
886 5
1406 6
1414 7
1859 5
1060 5
1847 8
1848 7
893 8
865 6
854 6
891 9
892 10
977 10
963 9
925 6
980 8
979 9
937 5
817 5
960 6
981 7
954 5
934 9
895 6
700 10
944 9
872 5
984 5
942 7
890 7
1001 7
1050 7
941 10
1002 5
1188 5
1455 7
1415 10
1254 6
916 5
1471 10
1266 6
1469 9
1413 7
906 6
892 5
754 10
1460 6
1415 8
1988 6
943 6
1353 5
1232 6
1233 7
859 5
1415 9
1477 10
944 5
1475 9
1458 8
1272 5
911 9
1241 6
1466 7
1484 7
1913 7
1922 5
1912 6
832 8
832 9
833 7
916 7
770 5
747 10
916 9
914 10
831 10
857 5
890 5
831 6
917 6
646 9
809 5
639 9
916 8
917 5
756 10
638 10
870 8
871 7
848 5
952 5
1129 5
982 7
895 9
873 9
847 9
1392 10
1189 6
1200 6
852 6
1379 8
1384 6
831 5
1052 5
1384 9
1380 7
1341 10
1901 6
1890 5
1282 5
1400 10
1340 8
1341 9
1168 6
1407 7
1168 7
873 5
1838 5
1090 5
1206 5
1397 6
1323 5
872 6
1913 6
1836 6
1915 7
1402 9
910 9
910 10
912 7
973 5
971 9
972 6
970 8
990 10
995 5
992 8
991 9
960 6
869 6
839 5
914 6
924 6
993 7
888 5
914 5
759 10
1010 7
890 6
940 9
1039 7
908 8
705 10
1042 8
936 8
937 7
1038 6
1054 8
1062 6
1203 6
934 10
1192 6
1442 5
1157 5
1273 5
1258 7
1451 10
1269 7
1163 6
1275 6
1454 5
1245 5
1439 8
1928 6
1440 7
1125 6
1142 6
1443 9
1930 5
964 10
1459 10
1402 10
1401 8
1239 8
1374 5
1125 5
1402 9
