1.60355e-05 0.000111054 -0.000164635
0.28017 -0.0233059 0.0324878
1.23459 -0.369979 0.107636
2.18413 -0.56769 0.194106
2.30396 -0.531702 0.194079
2.36034 -0.478849 0.192945
2.4138 -0.409543 0.203122
2.4625 -0.342557 0.209391
2.4904 -0.246879 0.211125
2.49052 -0.13274 0.214737
2.45031 0.0403846 0.213501
2.11341 0.990986 0.191234
1.7452 1.92569 0.180184
1.28243 2.86992 0.164352
0.766399 3.7424 0.133114
0.276833 4.65099 0.102352
-0.154417 5.32935 0.0748975
-0.340596 5.52814 0.0603948
-0.568383 5.68017 0.0465374
-0.75059 5.74046 0.0303574
-0.962604 5.72508 0.0145964
-1.31801 5.64369 -0.0210371
-1.95093 5.38438 -0.0789108
-2.86831 4.88732 -0.160784
-3.73454 4.36117 -0.24796
-4.62148 3.77027 -0.340963
-5.49162 3.13618 -0.426408
-6.29924 2.51274 -0.51127
-7.19336 1.93855 -0.609592
-7.89142 1.64919 -0.665107
-8.94008 1.44622 -0.741734
-9.95813 1.22476 -0.856377
-10.9458 0.944814 -0.946887
-11.9343 0.559394 -1.04446
-12.9131 0.0986039 -1.13767
-13.8633 -0.36039 -1.23062
-14.7865 -0.860406 -1.33417
-15.6739 -1.39548 -1.42647
-16.5284 -1.94664 -1.49604
-17.4162 -2.47057 -1.60512
-18.3668 -2.97132 -1.7027
-19.2859 -3.47321 -1.77579
-20.1791 -3.94951 -1.86735
-21.0822 -4.44716 -1.9588
-21.9972 -4.91209 -2.0638
-22.9004 -5.42633 -2.1527
-23.7942 -5.94505 -2.23516
-24.8999 -6.57064 -2.37123
-25.7985 -7.0182 -2.45844
-26.734 -7.47704 -2.56221
-27.7051 -7.96496 -2.66862
-28.6819 -8.44873 -2.77101
-29.5874 -8.89305 -2.88042
-30.4927 -9.35155 -2.99981
-31.407 -9.80393 -3.08555
-32.3464 -10.2539 -3.18712
-33.1756 -10.8431 -3.26922
-34.0389 -11.4422 -3.38546
-34.9556 -11.9267 -3.47833
-35.8913 -12.2899 -3.5851
-36.6559 -12.6069 -3.6593
-36.8199 -12.7175 -3.68423
-36.9021 -12.8624 -3.70318
-36.9703 -13.0416 -3.69416
-37.0184 -13.3218 -3.72466
-36.9994 -13.9078 -3.72913
-36.7584 -14.9117 -3.72284
-36.3781 -15.8576 -3.71667
-35.9147 -16.7816 -3.72917
-35.4391 -17.6632 -3.70275
-34.9445 -18.5594 -3.65039
-34.4226 -19.5059 -3.58528
-33.9386 -20.4154 -3.55872
-33.3821 -21.3102 -3.54331
-32.9197 -21.8971 -3.52491
-32.2942 -22.3735 -3.50788
-31.6837 -22.7054 -3.47121
-31.0632 -22.8355 -3.42838
-30.3684 -22.7935 -3.37892
-29.6069 -22.5957 -3.31439
-28.5934 -22.2305 -3.23011
-27.5928 -21.7886 -3.14928
-26.6757 -21.3771 -3.09068
-25.7934 -20.9083 -3.00924
-24.8647 -20.3676 -2.94791
-24.0111 -19.8492 -2.8878
-23.1276 -19.3132 -2.8097
-22.1675 -18.8484 -2.75411
-21.238 -18.4357 -2.6755
-20.2684 -18.0752 -2.58995
-19.3301 -17.729 -2.50707
-18.3543 -17.3767 -2.4338
-17.4076 -17.0414 -2.35307
-16.4301 -16.5952 -2.26236
-15.5105 -16.1331 -2.19213
-14.6379 -15.6238 -2.12978
-13.7677 -15.0478 -2.04802
-12.8391 -14.4866 -1.9774
-11.9153 -13.944 -1.9013
-11.0499 -13.4442 -1.81816
-10.1028 -12.9173 -1.74943
-9.21737 -12.4416 -1.66228
-8.34441 -11.9274 -1.58111
-7.44466 -11.4512 -1.51802
-6.57072 -10.9556 -1.45251
-5.65882 -10.5087 -1.36547
-4.7498 -10.0183 -1.30173
-3.78278 -9.50479 -1.22558
-2.73337 -8.97658 -1.14655
-1.81793 -8.50957 -1.06371
-0.890086 -8.0453 -0.987226
0.0342872 -7.61396 -0.907003
1.0003 -7.16464 -0.840962
1.906 -6.71353 -0.774179
2.84177 -6.284 -0.686526
3.79854 -5.83672 -0.622766
4.70858 -5.41504 -0.546481
5.66101 -4.97401 -0.480625
6.58128 -4.49989 -0.403291
7.5545 -4.0233 -0.326996
8.44174 -3.54311 -0.25553
9.28815 -2.92515 -0.194445
10.0325 -2.22523 -0.106591
10.6455 -1.41577 -0.0460904
10.895 -0.8954 -0.0382257
11.0131 -0.288801 0.000182546
10.9603 0.359101 0.000274524
10.7135 1.23418 0.0163046
10.3171 2.155 0.0115836
9.80866 3.06147 0.0138561
9.36837 4.0366 -0.0680368
8.91965 4.96759 -0.0374732
8.46203 5.89773 -0.0698867
7.95142 6.74719 -0.102021
7.25872 7.5162 -0.0989478
6.73238 7.88541 -0.0958095
6.31105 8.0567 -0.108591
5.83455 8.11864 -0.102752
5.28067 8.11113 -0.118004
4.49819 7.94325 -0.121217
3.53507 7.53743 -0.143486
2.61451 7.13959 -0.153597
2.25356 7.10664 -0.139588
1.84156 7.22795 -0.156279
1.0338 7.4311 0.413146
0.74163 7.47073 0.217727
0.527048 7.42677 0.180684
0.211008 7.27183 0.160876
-0.0586258 7.03716 0.128964
-0.262973 6.73269 0.0951841
-0.347071 6.4686 0.0895654
-0.334355 6.16826 0.0898599
-0.1458 5.43745 0.0934312
0.223873 4.42799 0.110471
0.461345 3.69909 0.116326
0.473491 2.63995 0.0895756
0.455792 1.62468 0.0803041
0.411775 0.602639 0.0292308
0.397837 0.245406 0.0241193
0.456709 0.0913222 0.0233441
0.496467 0.0228974 0.020974
0.551942 -0.0161945 0.0250359
0.569407 -0.00917617 0.0305601
0.589528 0.0164373 0.0308266
0.589185 0.0863466 0.0247576
0.361787 -0.0180324 0.0191854
0.052082 0.00112569 -0.0177774
