1.60355e-05 0.000111054 -0.000164635 7.44918e-14 -1.49753e-13 8.4148e-11 0
0.28017 -0.0233059 0.0324878 0.01973 0.0208128 -0.216725 1
1.23459 -0.369979 0.107636 0.0385291 0.0257588 -0.379257 2
2.18413 -0.56769 0.194106 -0.00574875 0.000453399 0.158125 3
2.30396 -0.531702 0.194079 -0.0274682 -0.00160914 0.406444 4
2.36034 -0.478849 0.192945 -0.0469209 0.00826444 0.630647 5
2.4138 -0.409543 0.203122 -0.0677751 0.0229791 0.860573 6
2.4625 -0.342557 0.209391 -0.0832101 0.0406261 1.07319 7
2.4904 -0.246879 0.211125 -0.0916013 0.0593538 1.33969 8
2.49052 -0.13274 0.214737 -0.0979625 0.0831595 1.57554 9
2.45031 0.0403846 0.213501 -0.103369 0.103121 1.78698 10
2.11341 0.990986 0.191234 -0.107943 0.122977 1.87886 11
1.7452 1.92569 0.180184 -0.104737 0.121051 1.97835 12
1.28243 2.86992 0.164352 -0.0956256 0.124314 2.04568 13
0.766399 3.7424 0.133114 -0.0981845 0.131864 2.03778 14
0.276833 4.65099 0.102352 -0.104374 0.128879 2.01848 15
-0.154417 5.32935 0.0748975 -0.0871741 0.143715 2.2495 16
-0.340596 5.52814 0.0603948 -0.0785718 0.155486 2.45388 17
-0.568383 5.68017 0.0465374 -0.0615068 0.169845 2.69034 18
-0.75059 5.74046 0.0303574 -0.0443581 0.182762 2.93405 19
-0.962604 5.72508 0.0145964 -0.0263753 0.19665 -3.13523 20
-1.31801 5.64369 -0.0210371 -0.00875008 0.188489 -2.92818 21
-1.95093 5.38438 -0.0789108 0.00884554 0.196813 -2.71624 22
-2.86831 4.88732 -0.160784 0.0144074 0.186081 -2.63257 23
-3.73454 4.36117 -0.24796 0.015993 0.188597 -2.61431 24
-4.62148 3.77027 -0.340963 0.0185328 0.186865 -2.55991 25
-5.49162 3.13618 -0.426408 0.0171235 0.188646 -2.52225 26
-6.29924 2.51274 -0.51127 0.014792 0.1887 -2.54724 27
-7.19336 1.93855 -0.609592 0.00651997 0.186405 -2.67713 28
-7.89142 1.64919 -0.665107 -0.0124199 0.190087 -2.89712 29
-8.94008 1.44622 -0.741734 -0.0131441 0.191781 -2.97411 30
-9.95813 1.22476 -0.856377 -0.0138495 0.194225 -2.91981 31
-10.9458 0.944814 -0.946887 -0.00521322 0.2018 -2.84666 32
-11.9343 0.559394 -1.04446 -0.00131163 0.187637 -2.76159 33
-12.9131 0.0986039 -1.13767 0.00367083 0.192442 -2.73484 34
-13.8633 -0.36039 -1.23062 0.0110597 0.194867 -2.70434 35
-14.7865 -0.860406 -1.33417 0.00722851 0.187772 -2.6622 36
-15.6739 -1.39548 -1.42647 0.012157 0.197518 -2.61266 37
-16.5284 -1.94664 -1.49604 0.0128735 0.181764 -2.61199 38
-17.4162 -2.47057 -1.60512 0.00453897 0.195807 -2.65674 39
-18.3668 -2.97132 -1.7027 0.00481378 0.185363 -2.68402 40
-19.2859 -3.47321 -1.77579 0.00748483 0.199108 -2.67217 41
-20.1791 -3.94951 -1.86735 0.00965026 0.198858 -2.66795 42
-21.0822 -4.44716 -1.9588 0.00912836 0.192671 -2.68912 43
-21.9972 -4.91209 -2.0638 0.00711676 0.196831 -2.68421 44
-22.9004 -5.42633 -2.1527 0.0103775 0.199422 -2.6461 45
-23.7942 -5.94505 -2.23516 0.0149647 0.197275 -2.63564 46
-24.8999 -6.57064 -2.37123 0.00160347 0.197705 -2.68995 47
-25.7985 -7.0182 -2.45844 0.0084585 0.200901 -2.70142 48
-26.734 -7.47704 -2.56221 0.00884311 0.193833 -2.718 49
-27.7051 -7.96496 -2.66862 0.00531691 0.206166 -2.70435 50
-28.6819 -8.44873 -2.77101 0.00044782 0.19977 -2.71539 51
-29.5874 -8.89305 -2.88042 0.000251562 0.207164 -2.71631 52
-30.4927 -9.35155 -2.99981 0.00335758 0.194481 -2.69119 53
-31.407 -9.80393 -3.08555 0.000377179 0.195647 -2.73524 54
-32.3464 -10.2539 -3.18712 0.0118167 0.204448 -2.65028 55
-33.1756 -10.8431 -3.26922 0.0293418 0.20655 -2.50474 56
-34.0389 -11.4422 -3.38546 0.00406161 0.196596 -2.62426 57
-34.9556 -11.9267 -3.47833 -0.00489078 0.201073 -2.74158 58
-35.8913 -12.2899 -3.5851 -0.00121677 0.205864 -2.82363 59
-36.6559 -12.6069 -3.6593 0.022194 0.193133 -2.61351 60
-36.8199 -12.7175 -3.68423 0.044577 0.186195 -2.35004 61
-36.9021 -12.8624 -3.70318 0.0633879 0.181577 -2.10742 62
-36.9703 -13.0416 -3.69416 0.0777278 0.165558 -1.8796 63
-37.0184 -13.3218 -3.72466 0.0863016 0.141645 -1.66114 64
-36.9994 -13.9078 -3.72913 0.0842308 0.123634 -1.45491 65
-36.7584 -14.9117 -3.72284 0.0841684 0.101338 -1.27541 66
-36.3781 -15.8576 -3.71667 0.080731 0.088946 -1.16461 67
-35.9147 -16.7816 -3.72917 0.0855338 0.0886063 -1.11302 68
-35.4391 -17.6632 -3.70275 0.0874686 0.0852666 -1.07365 69
-34.9445 -18.5594 -3.65039 0.0920664 0.0735922 -1.07931 70
-34.4226 -19.5059 -3.58528 0.0440489 0.055875 -1.09958 71
-33.9386 -20.4154 -3.55872 0.0531577 0.0885169 -1.07849 72
-33.3821 -21.3102 -3.54331 0.0431405 0.0857271 -1.03079 73
-32.9197 -21.8971 -3.52491 0.0470983 0.0653754 -0.826854 74
-32.2942 -22.3735 -3.50788 0.0281573 0.0605038 -0.571046 75
-31.6837 -22.7054 -3.47121 0.0235853 0.046101 -0.35791 76
-31.0632 -22.8355 -3.42838 0.0100978 0.0341115 -0.131504 77
-30.3684 -22.7935 -3.37892 -0.00452214 0.0301609 0.0795412 78
-29.6069 -22.5957 -3.31439 -0.0200433 0.0291165 0.289972 79
-28.5934 -22.2305 -3.23011 -0.0271471 0.0322341 0.342405 80
-27.5928 -21.7886 -3.14928 -0.0279037 0.0330561 0.41119 81
-26.6757 -21.3771 -3.09068 -0.0256141 0.0308546 0.418226 82
-25.7934 -20.9083 -3.00924 -0.0268214 0.0370298 0.463684 83
-24.8647 -20.3676 -2.94791 -0.0338282 0.0342595 0.505786 84
-24.0111 -19.8492 -2.8878 -0.033079 0.0343899 0.519774 85
-23.1276 -19.3132 -2.8097 -0.0331399 0.0305955 0.462325 86
-22.1675 -18.8484 -2.75411 -0.0338192 0.0312345 0.397882 87
-21.238 -18.4357 -2.6755 -0.0328955 0.0309423 0.345939 88
-20.2684 -18.0752 -2.58995 -0.0288618 0.0239803 0.319872 89
-19.3301 -17.729 -2.50707 -0.0288898 0.0282128 0.320669 90
-18.3543 -17.3767 -2.4338 -0.0240908 0.024792 0.306634 91
-17.4076 -17.0414 -2.35307 -0.0233743 0.0284076 0.352086 92
-16.4301 -16.5952 -2.26236 -0.0293867 0.0350617 0.425665 93
-15.5105 -16.1331 -2.19213 -0.0327856 0.0347864 0.466536 94
-14.6379 -15.6238 -2.12978 -0.0356554 0.0315416 0.520606 95
-13.7677 -15.0478 -2.04802 -0.0373717 0.0365577 0.539706 96
-12.8391 -14.4866 -1.9774 -0.0348468 0.0254242 0.509587 97
-11.9153 -13.944 -1.9013 -0.0351056 0.0333738 0.480343 98
-11.0499 -13.4442 -1.81816 -0.0346993 0.0297243 0.475291 99
-10.1028 -12.9173 -1.74943 -0.0328326 0.0300628 0.469882 100
-9.21737 -12.4416 -1.66228 -0.0310523 0.03387 0.480039 101
-8.34441 -11.9274 -1.58111 -0.0337621 0.030545 0.485364 102
-7.44466 -11.4512 -1.51802 -0.0281904 0.033304 0.460286 103
-6.57072 -10.9556 -1.45251 -0.0310809 0.0342047 0.455104 104
-5.65882 -10.5087 -1.36547 -0.0278809 0.034998 0.448967 105
-4.7498 -10.0183 -1.30173 -0.0300297 0.0266328 0.441849 106
-3.78278 -9.50479 -1.22558 -0.0255814 0.0348607 0.44176 107
-2.73337 -8.97658 -1.14655 -0.0312811 0.0342906 0.450811 108
-1.81793 -8.50957 -1.06371 -0.0281004 0.0345769 0.43825 109
-0.890086 -8.0453 -0.987226 -0.0243884 0.0340448 0.419026 110
0.0342872 -7.61396 -0.907003 -0.0261963 0.0308812 0.411346 111
1.0003 -7.16464 -0.840962 -0.0256726 0.034166 0.408766 112
1.906 -6.71353 -0.774179 -0.0235962 0.0351732 0.407196 113
2.84177 -6.284 -0.686526 -0.0244533 0.0386635 0.417548 114
3.79854 -5.83672 -0.622766 -0.0209803 0.0268895 0.390169 115
4.70858 -5.41504 -0.546481 -0.0238549 0.0345008 0.410599 116
5.66101 -4.97401 -0.480625 -0.0225194 0.0271077 0.410481 117
6.58128 -4.49989 -0.403291 -0.0319695 0.032177 0.423248 118
7.5545 -4.0233 -0.326996 -0.0332079 0.0339674 0.452619 119
8.44174 -3.54311 -0.25553 -0.0407962 0.0350857 0.500786 120
9.28815 -2.92515 -0.194445 -0.0397833 0.042091 0.641584 121
10.0325 -2.22523 -0.106591 -0.0488679 0.0341809 0.796258 122
10.6455 -1.41577 -0.0460904 -0.0528411 0.0455536 1.02873 123
10.895 -0.8954 -0.0382257 -0.0714378 0.0660526 1.24878 124
11.0131 -0.288801 0.000182546 -0.0792014 0.0802172 1.46447 125
10.9603 0.359101 0.000274524 -0.0816237 0.0921574 1.67383 126
10.7135 1.23418 0.0163046 -0.0833303 0.0945884 1.87823 127
10.3171 2.155 0.0115836 -0.0753641 0.0919053 1.95761 128
9.80866 3.06147 0.0138561 -0.0625368 0.0728708 2.02672 129
9.36837 4.0366 -0.0680368 -0.0361795 0.100323 1.99125 130
8.91965 4.96759 -0.0374732 -0.0774001 0.116268 1.9734 131
8.46203 5.89773 -0.0698867 -0.06842 0.105465 2.00287 132
7.95142 6.74719 -0.102021 -0.0302731 0.117911 2.21913 133
7.25872 7.5162 -0.0989478 -0.0182363 0.112535 2.38643 134
6.73238 7.88541 -0.0958095 -0.00879291 0.109219 2.59492 135
6.31105 8.0567 -0.108591 -0.00771701 0.108126 2.80024 136
5.83455 8.11864 -0.102752 -0.0139812 0.123888 3.00292 137
5.28067 8.11113 -0.118004 -0.0153124 0.123949 -3.06917 138
4.49819 7.94325 -0.121217 -0.0150256 0.120371 -2.8542 139
3.53507 7.53743 -0.143486 -0.00760113 0.114062 -2.76663 140
2.61451 7.13959 -0.153597 -0.0236063 0.111616 -2.96329 141
2.25356 7.10664 -0.139588 -0.0374076 0.129642 3.03489 142
1.84156 7.22795 -0.156279 -0.0446484 0.117256 2.82053 143
1.0338 7.4311 0.413146 -0.0569763 0.181954 2.92013 144
0.74163 7.47073 0.217727 -0.0295645 0.184364 -3.1156 145
0.527048 7.42677 0.180684 -0.0100786 0.191545 -2.90297 146
0.211008 7.27183 0.160876 0.0171304 0.185708 -2.5924 147
-0.0586258 7.03716 0.128964 0.0399621 0.171626 -2.32059 148
-0.262973 6.73269 0.0951841 0.0581413 0.147428 -2.02196 149
-0.347071 6.4686 0.0895654 0.0683846 0.118299 -1.75979 150
-0.334355 6.16826 0.0898599 0.0714277 0.108028 -1.52706 151
-0.1458 5.43745 0.0934312 0.0750984 0.0860444 -1.32248 152
0.223873 4.42799 0.110471 0.0704763 0.0842321 -1.22456 153
0.461345 3.69909 0.116326 0.069878 0.10833 -1.42603 154
0.473491 2.63995 0.0895756 0.0696812 0.120358 -1.61751 155
0.455792 1.62468 0.0803041 0.072167 0.119717 -1.60192 156
0.411775 0.602639 0.0292308 0.0721103 0.122496 -1.68783 157
0.397837 0.245406 0.0241193 0.0784191 0.0973403 -1.4801 158
0.456709 0.0913222 0.0233441 0.0789692 0.0637741 -1.19347 159
0.496467 0.0228974 0.020974 0.0735807 0.0426005 -0.91884 160
0.551942 -0.0161945 0.0250359 0.0521364 0.0177586 -0.512902 161
0.569407 -0.00917617 0.0305601 0.0314725 0.00295926 -0.308531 162
0.589528 0.0164373 0.0308266 0.0094167 -0.00473075 -0.0448914 163
0.589185 0.0863466 0.0247576 -0.0122728 -0.019934 0.168964 164
0.361787 -0.0180324 0.0191854 0.00831601 -0.00775359 -0.0526124 165
0.052082 0.00112569 -0.0177774 -0.0106304 0.00156361 0.154712 166
